313.000000 368.000000 72.000000
221.000000 210.000000 65.000000
148.000000 550.000000 7.000000
482.000000 120.000000 30.000000
186.000000 527.000000 63.000000
146.000000 92.000000 30.000000
183.000000 89.000000 28.000000
414.000000 207.000000 72.000000
352.000000 248.000000 48.000000
283.000000 95.000000 79.000000
433.000000 475.000000 44.000000
157.000000 518.000000 43.000000
221.000000 344.000000 28.000000
125.000000 424.000000 70.000000
63.000000 383.000000 43.000000
110.000000 119.000000 28.000000
