506.000000 174.000000 46.000000
525.000000 360.000000 56.000000
423.000000 502.000000 26.000000
140.000000 116.000000 63.000000
334.000000 76.000000 28.000000
537.000000 74.000000 37.000000
241.000000 342.000000 217.000000
279.000000 135.000000 95.000000
424.000000 68.000000 51.000000
217.000000 50.000000 10.000000
364.000000 200.000000 96.000000
553.000000 494.000000 25.000000
207.000000 66.000000 27.000000
436.000000 290.000000 85.000000
487.000000 370.000000 62.000000
60.000000 426.000000 39.000000
490.000000 370.000000 7.000000
316.000000 115.000000 80.000000
80.000000 519.000000 46.000000
533.000000 553.000000 30.000000
312.000000 269.000000 173.000000
229.000000 326.000000 113.000000
94.000000 376.000000 66.000000
86.000000 499.000000 40.000000
356.000000 203.000000 20.000000
98.000000 483.000000 62.000000
383.000000 64.000000 39.000000
124.000000 519.000000 70.000000
532.000000 147.000000 49.000000
77.000000 420.000000 20.000000
464.000000 347.000000 128.000000
302.000000 81.000000 27.000000
