63.000000 226.000000 93.000000 344.000000
344.000000 47.000000 421.000000 171.000000
472.000000 149.000000 500.000000 194.000000
334.000000 175.000000 426.000000 111.000000
508.000000 366.000000 386.000000 26.000000
136.000000 41.000000 413.000000 49.000000
406.000000 568.000000 230.000000 352.000000
407.000000 474.000000 348.000000 314.000000
107.000000 412.000000 298.000000 290.000000
35.000000 259.000000 229.000000 100.000000
228.000000 233.000000 279.000000 97.000000
338.000000 510.000000 123.000000 405.000000
277.000000 34.000000 260.000000 101.000000
283.000000 53.000000 252.000000 124.000000
232.000000 247.000000 253.000000 333.000000
49.000000 330.000000 529.000000 120.000000
