272.000000 86.000000 523.000000 97.000000
169.000000 110.000000 128.000000 186.000000
413.000000 565.000000 380.000000 111.000000
360.000000 374.000000 204.000000 536.000000
151.000000 450.000000 215.000000 476.000000
553.000000 231.000000 299.000000 476.000000
276.000000 181.000000 278.000000 193.000000
380.000000 355.000000 572.000000 307.000000
374.000000 31.000000 576.000000 401.000000
432.000000 399.000000 296.000000 212.000000
539.000000 335.000000 420.000000 420.000000
143.000000 420.000000 38.000000 403.000000
68.000000 124.000000 551.000000 172.000000
31.000000 553.000000 150.000000 41.000000
320.000000 75.000000 105.000000 299.000000
509.000000 550.000000 232.000000 505.000000
496.000000 179.000000 52.000000 515.000000
127.000000 248.000000 127.000000 232.000000
398.000000 416.000000 253.000000 412.000000
459.000000 244.000000 324.000000 538.000000
309.000000 538.000000 30.000000 314.000000
336.000000 269.000000 166.000000 295.000000
472.000000 512.000000 563.000000 549.000000
528.000000 205.000000 520.000000 327.000000
383.000000 195.000000 489.000000 521.000000
97.000000 103.000000 269.000000 339.000000
300.000000 256.000000 85.000000 449.000000
479.000000 557.000000 533.000000 358.000000
166.000000 461.000000 453.000000 70.000000
51.000000 451.000000 295.000000 453.000000
554.000000 234.000000 76.000000 239.000000
72.000000 332.000000 259.000000 452.000000
117.000000 338.000000 267.000000 119.000000
561.000000 274.000000 350.000000 321.000000
499.000000 254.000000 227.000000 175.000000
114.000000 59.000000 221.000000 511.000000
272.000000 228.000000 159.000000 507.000000
510.000000 190.000000 392.000000 184.000000
98.000000 568.000000 397.000000 459.000000
145.000000 196.000000 102.000000 63.000000
385.000000 87.000000 86.000000 86.000000
451.000000 202.000000 563.000000 258.000000
517.000000 402.000000 454.000000 321.000000
334.000000 349.000000 30.000000 442.000000
357.000000 295.000000 45.000000 407.000000
126.000000 233.000000 562.000000 460.000000
94.000000 347.000000 65.000000 343.000000
325.000000 131.000000 406.000000 568.000000
209.000000 321.000000 566.000000 77.000000
225.000000 266.000000 574.000000 353.000000
