311.000000 515.000000 191.000000 358.000000
152.000000 30.000000 510.000000 126.000000
359.000000 208.000000 266.000000 30.000000
561.000000 182.000000 388.000000 261.000000
81.000000 65.000000 130.000000 351.000000
352.000000 568.000000 448.000000 422.000000
301.000000 457.000000 165.000000 30.000000
452.000000 420.000000 415.000000 564.000000
33.000000 156.000000 282.000000 420.000000
511.000000 44.000000 534.000000 191.000000
381.000000 218.000000 264.000000 85.000000
574.000000 288.000000 310.000000 436.000000
261.000000 462.000000 51.000000 53.000000
385.000000 75.000000 570.000000 272.000000
385.000000 242.000000 574.000000 453.000000
125.000000 443.000000 72.000000 331.000000
266.000000 303.000000 80.000000 522.000000
204.000000 575.000000 111.000000 385.000000
303.000000 448.000000 532.000000 478.000000
47.000000 260.000000 27.000000 360.000000
67.000000 257.000000 538.000000 520.000000
100.000000 237.000000 419.000000 154.000000
427.000000 509.000000 545.000000 341.000000
108.000000 453.000000 377.000000 339.000000
417.000000 549.000000 288.000000 462.000000
416.000000 272.000000 402.000000 298.000000
546.000000 138.000000 199.000000 39.000000
323.000000 236.000000 542.000000 141.000000
341.000000 297.000000 276.000000 248.000000
459.000000 436.000000 553.000000 564.000000
227.000000 455.000000 259.000000 386.000000
65.000000 455.000000 474.000000 531.000000
