190.000000 278.000000 222.000000 96.000000
454.000000 508.000000 496.000000 343.000000
44.000000 126.000000 300.000000 411.000000
220.000000 390.000000 285.000000 302.000000
65.000000 193.000000 417.000000 168.000000
392.000000 318.000000 525.000000 107.000000
298.000000 166.000000 331.000000 414.000000
404.000000 197.000000 533.000000 144.000000
344.000000 184.000000 514.000000 560.000000
336.000000 376.000000 417.000000 302.000000
62.000000 515.000000 452.000000 398.000000
519.000000 314.000000 531.000000 425.000000
242.000000 498.000000 354.000000 177.000000
227.000000 243.000000 417.000000 360.000000
336.000000 259.000000 453.000000 94.000000
355.000000 579.000000 479.000000 435.000000
