348.000000 189.000000
472.000000 75.000000
381.000000 215.000000
560.000000 146.000000
417.000000 266.000000
419.000000 307.000000
474.000000 343.000000
365.000000 334.000000
357.000000 346.000000
421.000000 418.000000
314.000000 320.000000
408.000000 516.000000
368.000000 497.000000
319.000000 424.000000
253.000000 537.000000
258.000000 447.000000
218.000000 455.000000
188.000000 450.000000
239.000000 358.000000
255.000000 336.000000
151.000000 375.000000
53.000000 366.000000
149.000000 295.000000
63.000000 211.000000
239.000000 269.000000
148.000000 187.000000
194.000000 158.000000
267.000000 218.000000
269.000000 126.000000
307.000000 189.000000
