401.000000 307.000000
467.000000 321.000000
525.000000 340.000000
555.000000 364.000000
507.000000 362.000000
337.000000 314.000000
474.000000 377.000000
389.000000 346.000000
445.000000 387.000000
403.000000 368.000000
339.000000 330.000000
420.000000 410.000000
414.000000 420.000000
371.000000 388.000000
404.000000 443.000000
355.000000 385.000000
375.000000 439.000000
351.000000 412.000000
382.000000 526.000000
355.000000 477.000000
355.000000 516.000000
332.000000 473.000000
319.000000 468.000000
310.000000 508.000000
295.000000 507.000000
280.000000 502.000000
279.000000 431.000000
263.000000 458.000000
249.000000 473.000000
232.000000 485.000000
261.000000 394.000000
181.000000 529.000000
186.000000 491.000000
225.000000 409.000000
165.000000 468.000000
186.000000 430.000000
156.000000 449.000000
118.000000 467.000000
218.000000 366.000000
173.000000 391.000000
199.000000 364.000000
192.000000 361.000000
87.000000 403.000000
162.000000 358.000000
129.000000 360.000000
139.000000 344.000000
236.000000 315.000000
212.000000 312.000000
120.000000 314.000000
170.000000 303.000000
121.000000 291.000000
267.000000 298.000000
181.000000 281.000000
101.000000 255.000000
156.000000 258.000000
250.000000 283.000000
271.000000 289.000000
137.000000 218.000000
171.000000 222.000000
150.000000 194.000000
141.000000 175.000000
227.000000 233.000000
205.000000 202.000000
208.000000 192.000000
194.000000 154.000000
219.000000 169.000000
228.000000 170.000000
203.000000 96.000000
292.000000 278.000000
225.000000 84.000000
271.000000 190.000000
284.000000 209.000000
280.000000 108.000000
295.000000 150.000000
302.000000 185.000000
308.000000 217.000000
326.000000 131.000000
343.000000 97.000000
328.000000 196.000000
328.000000 222.000000
348.000000 183.000000
370.000000 148.000000
376.000000 162.000000
374.000000 183.000000
371.000000 200.000000
389.000000 187.000000
426.000000 161.000000
419.000000 187.000000
446.000000 179.000000
419.000000 213.000000
447.000000 206.000000
434.000000 224.000000
382.000000 262.000000
405.000000 259.000000
391.000000 270.000000
375.000000 281.000000
502.000000 260.000000
522.000000 270.000000
514.000000 284.000000
500.000000 300.000000
