297.000000 386.000000
245.000000 535.000000
255.000000 438.000000
268.000000 363.000000
218.000000 401.000000
176.000000 412.000000
145.000000 385.000000
137.000000 365.000000
172.000000 336.000000
214.000000 316.000000
90.000000 320.000000
142.000000 292.000000
141.000000 285.000000
127.000000 264.000000
134.000000 239.000000
119.000000 209.000000
247.000000 257.000000
174.000000 185.000000
237.000000 230.000000
243.000000 212.000000
227.000000 148.000000
207.000000 84.000000
265.000000 201.000000
282.000000 213.000000
272.000000 131.000000
295.000000 224.000000
294.000000 140.000000
315.000000 89.000000
331.000000 197.000000
350.000000 158.000000
382.000000 102.000000
339.000000 232.000000
387.000000 199.000000
394.000000 218.000000
399.000000 229.000000
489.000000 175.000000
510.000000 207.000000
454.000000 250.000000
483.000000 282.000000
566.000000 326.000000
422.000000 338.000000
499.000000 400.000000
438.000000 406.000000
380.000000 371.000000
427.000000 420.000000
382.000000 416.000000
394.000000 459.000000
336.000000 392.000000
336.000000 489.000000
312.000000 406.000000
