321.000000 230.000000
352.000000 220.000000
438.000000 178.000000
554.000000 136.000000
405.000000 260.000000
540.000000 286.000000
378.000000 315.000000
457.000000 368.000000
430.000000 400.000000
413.000000 454.000000
335.000000 413.000000
312.000000 452.000000
272.000000 420.000000
224.000000 464.000000
214.000000 402.000000
89.000000 425.000000
155.000000 357.000000
91.000000 327.000000
101.000000 270.000000
247.000000 284.000000
137.000000 180.000000
227.000000 227.000000
245.000000 216.000000
243.000000 121.000000
300.000000 165.000000
