510.000000 300.000000
509.585613 313.186009
508.344087 326.319979
506.280323 339.350076
503.402464 352.224876
499.721868 364.893569
495.253062 377.306156
490.013681 389.413651
484.024403 401.168272
477.308864 412.523627
469.893569 423.434903
461.807781 433.859038
453.083412 443.754892
443.754892 453.083412
433.859038 461.807781
423.434903 469.893569
412.523627 477.308864
401.168272 484.024403
389.413651 490.013681
377.306156 495.253062
364.893569 499.721868
352.224876 503.402464
339.350076 506.280323
326.319979 508.344087
313.186009 509.585613
300.000000 510.000000
286.813991 509.585613
273.680021 508.344087
260.649924 506.280323
247.775124 503.402464
235.106431 499.721868
222.693844 495.253062
210.586349 490.013681
198.831728 484.024403
187.476373 477.308864
176.565097 469.893569
166.140962 461.807781
156.245108 453.083412
146.916588 443.754892
138.192219 433.859038
130.106431 423.434903
122.691136 412.523627
115.975597 401.168272
109.986319 389.413651
104.746938 377.306156
100.278132 364.893569
96.597536 352.224876
93.719677 339.350076
91.655913 326.319979
90.414387 313.186009
90.000000 300.000000
90.414387 286.813991
91.655913 273.680021
93.719677 260.649924
96.597536 247.775124
100.278132 235.106431
104.746938 222.693844
109.986319 210.586349
115.975597 198.831728
122.691136 187.476373
130.106431 176.565097
138.192219 166.140962
146.916588 156.245108
156.245108 146.916588
166.140962 138.192219
176.565097 130.106431
187.476373 122.691136
198.831728 115.975597
210.586349 109.986319
222.693844 104.746938
235.106431 100.278132
247.775124 96.597536
260.649924 93.719677
273.680021 91.655913
286.813991 90.414387
300.000000 90.000000
313.186009 90.414387
326.319979 91.655913
339.350076 93.719677
352.224876 96.597536
364.893569 100.278132
377.306156 104.746938
389.413651 109.986319
401.168272 115.975597
412.523627 122.691136
423.434903 130.106431
433.859038 138.192219
443.754892 146.916588
453.083412 156.245108
461.807781 166.140962
469.893569 176.565097
477.308864 187.476373
484.024403 198.831728
490.013681 210.586349
495.253062 222.693844
499.721868 235.106431
503.402464 247.775124
506.280323 260.649924
508.344087 273.680021
509.585613 286.813991
