351.000000 235.000000
67.000000 509.000000
56.000000 547.000000
236.000000 278.000000
390.000000 474.000000
94.000000 240.000000
239.000000 78.000000
98.000000 489.000000
387.000000 497.000000
495.000000 428.000000
359.000000 260.000000
537.000000 113.000000
52.000000 325.000000
381.000000 166.000000
449.000000 412.000000
356.000000 510.000000
553.000000 448.000000
275.000000 425.000000
527.000000 236.000000
389.000000 285.000000
484.000000 382.000000
87.000000 252.000000
574.000000 363.000000
477.000000 400.000000
530.000000 44.000000
567.000000 234.000000
278.000000 322.000000
210.000000 339.000000
277.000000 33.000000
135.000000 414.000000
536.000000 347.000000
505.000000 554.000000
191.000000 418.000000
394.000000 498.000000
283.000000 499.000000
518.000000 434.000000
234.000000 498.000000
77.000000 186.000000
70.000000 308.000000
57.000000 57.000000
425.000000 229.000000
455.000000 293.000000
433.000000 533.000000
536.000000 554.000000
407.000000 69.000000
272.000000 275.000000
418.000000 154.000000
52.000000 510.000000
128.000000 563.000000
554.000000 428.000000
290.000000 558.000000
226.000000 543.000000
82.000000 453.000000
535.000000 169.000000
452.000000 301.000000
252.000000 552.000000
551.000000 205.000000
437.000000 546.000000
578.000000 420.000000
176.000000 208.000000
39.000000 296.000000
256.000000 119.000000
137.000000 304.000000
261.000000 458.000000
373.000000 115.000000
161.000000 571.000000
78.000000 261.000000
114.000000 38.000000
91.000000 33.000000
447.000000 472.000000
291.000000 357.000000
437.000000 530.000000
557.000000 345.000000
490.000000 481.000000
313.000000 71.000000
474.000000 489.000000
271.000000 189.000000
229.000000 400.000000
511.000000 211.000000
559.000000 328.000000
103.000000 54.000000
287.000000 35.000000
187.000000 52.000000
255.000000 456.000000
176.000000 446.000000
120.000000 384.000000
487.000000 365.000000
73.000000 33.000000
280.000000 147.000000
109.000000 297.000000
244.000000 255.000000
459.000000 431.000000
329.000000 436.000000
474.000000 437.000000
254.000000 291.000000
332.000000 203.000000
114.000000 319.000000
383.000000 187.000000
315.000000 207.000000
460.000000 444.000000
459.000000 529.000000
166.000000 237.000000
237.000000 571.000000
318.000000 28.000000
436.000000 157.000000
99.000000 65.000000
102.000000 564.000000
264.000000 220.000000
93.000000 302.000000
95.000000 544.000000
400.000000 241.000000
241.000000 497.000000
85.000000 527.000000
554.000000 559.000000
240.000000 390.000000
419.000000 545.000000
121.000000 340.000000
299.000000 79.000000
304.000000 54.000000
54.000000 469.000000
409.000000 552.000000
97.000000 172.000000
512.000000 60.000000
371.000000 329.000000
289.000000 135.000000
455.000000 126.000000
224.000000 567.000000
350.000000 567.000000
