550.000000 568.000000
272.000000 39.000000
120.000000 302.000000
546.000000 58.000000
61.000000 459.000000
496.000000 546.000000
301.000000 456.000000
28.000000 53.000000
399.000000 342.000000
106.000000 196.000000
400.000000 434.000000
375.000000 443.000000
334.000000 152.000000
157.000000 218.000000
200.000000 38.000000
175.000000 162.000000
572.000000 481.000000
55.000000 417.000000
381.000000 89.000000
78.000000 186.000000
263.000000 524.000000
235.000000 442.000000
121.000000 340.000000
150.000000 147.000000
204.000000 165.000000
199.000000 44.000000
52.000000 220.000000
61.000000 201.000000
130.000000 341.000000
222.000000 91.000000
403.000000 379.000000
511.000000 441.000000
