449.000000 479.000000
81.000000 478.000000
140.000000 248.000000
212.000000 30.000000
240.000000 46.000000
82.000000 404.000000
277.000000 433.000000
534.000000 474.000000
424.000000 164.000000
206.000000 569.000000
87.000000 123.000000
506.000000 300.000000
533.000000 327.000000
300.000000 329.000000
293.000000 63.000000
437.000000 526.000000
282.000000 440.000000
492.000000 508.000000
94.000000 541.000000
467.000000 434.000000
92.000000 347.000000
443.000000 357.000000
281.000000 222.000000
205.000000 182.000000
476.000000 501.000000
303.000000 345.000000
126.000000 58.000000
348.000000 497.000000
219.000000 313.000000
326.000000 391.000000
431.000000 127.000000
454.000000 553.000000
110.000000 387.000000
88.000000 413.000000
362.000000 300.000000
77.000000 520.000000
574.000000 131.000000
393.000000 98.000000
400.000000 377.000000
50.000000 171.000000
238.000000 295.000000
266.000000 66.000000
41.000000 178.000000
184.000000 427.000000
80.000000 293.000000
103.000000 247.000000
577.000000 405.000000
218.000000 489.000000
141.000000 444.000000
87.000000 408.000000
310.000000 338.000000
546.000000 177.000000
211.000000 538.000000
87.000000 324.000000
39.000000 557.000000
195.000000 260.000000
383.000000 469.000000
458.000000 108.000000
431.000000 416.000000
172.000000 539.000000
159.000000 562.000000
573.000000 35.000000
59.000000 376.000000
78.000000 406.000000
