402.970701 314.749984
357.725343 163.640262
176.160982 331.003541
214.641777 366.335282
290.252611 318.415185
439.694788 344.215864
207.251237 349.208755
246.754300 372.687660
302.792178 376.764522
375.600844 272.291478
383.584635 235.226007
431.340051 392.405089
189.898985 265.001614
272.839835 307.466677
358.234705 172.577212
306.385684 373.454239
460.071463 299.206721
294.588549 374.060441
351.162208 240.153085
312.782906 189.481485
263.207515 336.981820
220.146741 255.535817
330.847330 367.950013
389.908386 316.218263
246.833724 340.802691
291.930462 353.245023
240.573999 263.595330
217.732501 433.576317
302.884501 275.193134
179.033765 323.096463
228.015251 356.179711
268.692396 453.077299
295.065609 294.377772
212.660213 342.274991
299.005364 432.471389
226.621168 236.441683
278.668927 335.917397
434.592229 335.142450
431.656012 385.161627
400.821281 289.269224
455.108960 355.348403
260.027652 172.570194
147.420477 329.679870
255.500959 259.521481
352.215347 272.457322
540.000000 300.000000
374.164079 528.253564
105.835921 441.068461
105.835921 158.931539
374.164079 71.746436
