226.901292 285.154054
310.040397 333.150264
417.657752 317.381978
308.168953 207.485440
184.585956 282.630753
176.753105 279.658609
421.485121 303.349101
296.220619 324.529542
465.014865 271.668906
176.096064 319.106775
300.084924 384.682539
257.614803 258.333368
281.850139 162.038152
418.977886 347.679253
463.283560 301.234739
301.917197 285.305030
236.378588 202.828421
327.461987 196.690269
410.242857 372.387325
346.020285 379.741283
414.828777 400.483267
214.351307 341.478313
333.814048 421.195558
242.336158 405.491166
315.438179 420.088981
438.880821 357.989175
326.819825 436.060171
397.993943 298.069870
341.257109 368.961315
377.104835 272.498530
420.104197 211.514064
216.827299 405.815026
451.474296 345.580032
181.959303 224.129480
396.219018 307.645507
303.015292 280.470709
277.019983 251.967376
401.560261 230.951090
275.986457 216.269817
330.720946 285.316770
259.603484 284.097612
143.688968 302.433987
205.876826 188.126103
300.418864 271.434272
254.811299 235.747949
441.796227 249.296055
378.245639 203.332331
316.590433 274.604008
377.263316 386.513229
209.054967 433.124343
440.634826 227.218262
182.971447 238.709853
296.854374 224.682942
269.537083 393.995556
340.370990 436.753886
256.580840 306.434706
185.120329 208.661909
309.730309 341.380112
224.413346 164.239160
216.133517 402.443331
437.448476 307.317911
297.729858 284.559322
378.145431 324.067869
391.387642 212.374612
399.114969 201.909516
425.505445 392.501346
186.628297 401.837553
388.724893 223.468733
416.069123 272.699991
425.079699 223.669989
300.040164 310.711518
316.128073 316.162352
261.854821 280.617329
314.226277 261.170968
213.560473 331.739463
431.610027 320.901288
241.986177 181.533343
205.999870 286.715883
428.998580 368.092925
169.698022 328.848615
222.575540 340.327253
215.936961 334.040438
446.995083 335.570472
338.568492 265.197195
237.379788 333.643221
308.898320 237.586206
389.086751 318.912623
391.957750 340.989849
215.757019 412.969911
301.080980 280.563135
408.462653 226.788747
331.337397 427.911830
406.377296 408.756684
193.792952 387.596932
218.637078 393.999102
404.085037 291.013898
302.057122 384.159036
427.176636 367.862052
194.323569 319.198205
278.684746 417.517187
194.098077 195.212458
174.129170 293.053604
139.537661 277.948892
271.202684 201.358619
198.850663 194.862564
384.443977 303.413377
207.412846 251.501875
407.798452 291.223341
434.967280 266.477155
186.606598 410.455886
143.224410 311.733750
372.275850 402.822161
230.708748 452.032326
356.711480 359.392389
323.242178 247.635796
324.001232 148.238930
329.154206 224.501941
412.086699 238.039102
332.397186 168.032109
380.871842 303.779464
416.510082 315.420271
257.679760 428.075298
308.969205 388.107569
373.214393 437.637602
245.939639 208.752716
362.974230 163.166809
268.480680 285.322483
347.481781 192.265352
363.990578 346.267579
294.016843 385.327844
423.750350 311.537634
344.654645 441.029901
409.707215 377.133370
283.405833 314.671207
359.503318 360.942817
256.755269 232.675203
321.883266 405.927262
291.481439 310.633947
295.444563 375.751721
407.897891 421.820912
273.893562 342.854029
206.361216 216.040081
154.131111 312.523392
331.822264 249.403568
165.744721 244.806815
307.298893 267.915429
243.671367 349.047837
281.239065 193.840317
264.451481 221.092010
229.997294 402.566506
179.724977 388.835895
303.721932 325.863882
246.171664 432.721242
413.308972 248.150430
390.831587 430.596323
275.034837 169.523958
379.919645 311.593146
393.059879 169.370949
306.063827 170.550578
362.538089 153.215492
284.029849 281.320422
374.104931 223.797748
358.957429 213.035718
360.635536 186.343619
427.945077 196.634155
199.924490 229.063980
447.138577 341.458297
203.485477 169.433706
153.786223 251.825932
264.849655 310.008347
346.229227 411.122737
320.786520 267.096608
445.083346 225.580098
394.139681 361.441918
204.876848 342.045725
414.234437 399.132191
222.244957 365.950064
331.765143 455.033943
384.969984 418.934657
160.066004 360.285251
210.715945 158.943785
378.014595 156.669131
442.192053 277.014330
378.548307 177.479110
164.488831 355.451153
386.355559 332.025754
371.123085 382.674609
235.092983 190.361987
382.825133 312.949424
330.958357 327.165942
382.452418 398.146993
389.029868 231.853212
202.901937 290.685419
203.114140 180.649188
201.784911 394.086966
214.883101 346.922623
273.824407 200.573945
361.538396 419.663957
367.648711 220.523442
392.994584 208.462700
301.773852 271.983813
217.498691 219.286269
153.177187 280.099751
319.905609 256.444960
320.904865 376.352067
401.383955 191.732934
241.858225 186.451706
371.246164 339.426426
337.180580 265.726690
290.450623 407.794337
304.013248 255.980723
332.006204 350.281659
274.586208 347.867750
170.098392 246.637056
204.996619 404.488306
404.032264 277.558390
256.566066 274.394878
237.208145 371.329465
366.419939 243.442192
378.085330 175.762701
313.681239 287.312196
396.695010 220.044060
142.189645 264.058424
389.583322 321.756595
398.922943 256.202065
237.771173 228.989498
329.495656 291.036014
367.755754 366.246711
199.825742 297.073794
292.849503 262.172552
361.874937 244.628342
296.333834 196.096272
260.726418 430.634880
285.531741 421.676505
421.588697 400.677537
251.828152 432.119475
208.610800 289.524624
384.699674 345.674722
320.065885 232.198538
222.461881 246.828133
298.204827 394.578433
270.432688 294.155166
191.728008 246.533462
407.173560 363.293628
338.194665 239.791616
319.344996 160.542604
316.905409 239.512810
369.131106 294.967071
211.862394 343.735692
180.818177 220.731919
364.708729 436.705615
284.664545 364.096320
220.931630 330.051712
341.026742 421.869434
245.035691 273.675135
384.131643 182.603396
251.458869 392.785900
268.202867 174.665421
463.201755 314.167587
425.447140 399.856555
376.430111 153.067291
306.444091 183.729982
262.168634 350.951343
277.767955 294.128197
331.253376 374.265055
249.908480 240.360251
222.600572 210.942160
367.656470 247.942169
428.607103 232.534509
442.316330 296.871061
261.852804 234.539521
365.515331 269.430628
290.680157 237.279033
204.337663 257.454885
211.115295 341.686371
456.081077 308.497560
400.666507 365.008182
223.327802 158.489329
218.088974 312.715299
262.423334 369.240617
281.398317 403.837131
263.181102 395.471660
396.695643 419.972354
270.447651 336.429024
240.471418 453.183305
265.818813 429.999465
174.218121 296.808357
249.557563 450.168447
428.372847 374.623995
238.442846 264.033161
443.881562 292.781712
340.079272 262.415549
232.504852 413.095959
455.029594 327.721684
327.984289 163.450296
312.889781 151.758166
186.988704 242.351808
312.517776 167.768202
307.656325 350.807611
288.597436 171.217896
267.260295 428.001080
223.184070 283.754527
179.323562 416.046902
451.316529 308.481960
330.226093 353.007590
227.000938 447.405721
289.953251 207.063844
196.399750 403.328107
224.289421 417.929511
208.210487 241.047073
331.419878 256.149996
356.666295 262.639686
377.250931 389.071376
328.108805 401.923338
407.785316 425.062570
298.597038 322.423272
198.028101 172.532938
395.234632 326.242178
379.623735 327.907785
216.469512 415.052460
429.387637 299.209394
137.425433 311.326551
323.516983 375.546501
391.932450 365.414533
242.014693 344.736318
277.040711 213.825291
318.034112 429.294349
317.925661 160.334065
223.086452 301.985349
423.210425 263.551177
350.697867 430.259206
198.977570 380.810254
181.981674 312.442745
395.880214 352.481547
226.669152 292.830109
377.819821 447.228010
155.387012 315.186890
327.482015 450.128021
354.212331 314.498579
266.750842 240.275829
234.393999 253.002327
392.297682 287.443831
150.692944 227.736499
303.348900 245.642262
282.064364 248.904219
264.548294 246.219356
241.510303 354.453475
452.995246 306.757555
151.127236 296.891219
275.357667 395.603804
451.393044 245.782063
234.272801 329.393873
246.407335 431.077856
246.110547 425.312446
351.832830 308.716463
341.810740 443.928385
386.077976 312.095432
291.329950 162.069601
314.794574 463.391640
360.032770 258.438471
405.395124 327.798181
154.102191 241.039296
450.209815 267.919658
143.846785 277.821503
234.091293 267.778154
420.596255 361.128544
261.217836 139.186426
380.953363 235.063831
215.627950 231.770477
405.851255 368.716656
408.815053 262.318188
169.399994 387.297974
366.834216 164.898156
334.750101 352.954558
357.570022 376.782564
260.123912 425.567272
367.565739 446.118237
152.179544 356.215963
160.934511 309.623858
148.395622 323.250801
347.444653 308.216168
397.217775 217.679852
285.767538 191.048159
339.626309 159.224328
178.109084 288.405561
317.728575 285.780056
324.294093 187.490464
239.957246 153.288002
241.673521 376.274295
357.112039 387.794549
407.440677 333.013401
418.426859 380.589096
368.254026 367.917617
186.715200 420.043102
197.005643 370.504895
295.262371 152.054767
425.631114 360.047242
323.808239 313.578869
372.584460 158.503378
378.863622 200.890452
224.106712 278.421673
254.492850 446.009111
136.329932 269.395258
310.222763 148.998050
414.397596 243.096461
342.777909 166.196323
203.332991 417.224351
199.417876 274.006560
199.364554 415.790328
208.266752 209.032554
260.750433 439.191753
194.191748 372.802065
413.730149 322.204937
298.267941 322.785853
215.307543 389.742446
251.766163 173.518157
237.347001 397.044063
360.192333 292.390423
393.692335 341.855380
362.678077 302.014211
197.959089 318.999341
404.573485 299.483428
353.440642 278.095061
183.344755 315.636280
331.344388 256.618108
268.400590 226.464996
395.432189 421.665060
421.325891 400.652928
400.957789 296.315656
297.944062 393.780337
199.220162 167.187643
352.778157 321.220036
310.433808 258.133438
361.924051 265.241680
188.945522 303.780406
235.773428 329.280252
410.489071 395.995221
332.799516 348.918887
277.220895 334.507370
297.182344 241.308576
287.139203 297.828575
253.393283 406.983905
233.053571 325.877738
274.461879 290.626391
369.176689 434.089338
285.865474 301.669680
365.828462 220.351238
338.864762 149.956237
222.331817 254.820518
437.106010 253.361121
451.833367 304.605113
215.303097 299.643681
306.391565 381.453250
202.659010 223.144483
288.729937 254.605440
253.213920 206.261878
425.164512 279.661293
381.610966 379.289079
236.195783 191.091713
151.382331 250.204706
325.940380 389.019987
309.976487 185.748500
242.597008 409.918969
322.845767 456.781057
284.406252 305.635226
228.464864 247.171901
421.640382 245.057613
359.844454 395.511122
294.789840 426.722675
344.615221 283.636952
193.711820 271.837603
370.936745 282.491202
421.776943 268.470231
431.070044 239.851582
437.346005 226.285029
289.066333 266.835289
462.754167 316.127398
366.787088 297.396631
245.746950 398.070864
174.790762 411.242711
414.861080 235.061688
436.523652 277.677994
359.036643 261.893680
394.316592 189.779826
164.126568 356.565922
354.807903 437.984985
285.824337 143.495023
309.340171 149.331538
362.571438 408.807486
200.258160 233.653966
308.182769 260.444744
305.022371 440.407738
374.367518 183.456893
243.543213 328.589323
347.407778 250.222666
304.269719 268.969567
409.100331 173.748845
159.508555 344.012672
242.386260 241.567361
294.752898 299.332978
294.731947 188.584898
152.522978 300.661334
206.159856 305.237001
345.549610 424.417581
291.366700 192.226523
191.609135 174.243503
410.158670 304.394265
335.110331 213.286514
463.337712 326.326030
183.547872 342.656946
317.683662 413.184514
326.971690 304.269605
275.373304 460.392169
322.751981 394.933955
360.406990 366.656903
329.862916 302.274605
463.521343 275.309723
339.184022 460.260138
437.052052 266.624442
142.885280 270.737274
164.002828 245.102514
245.930900 245.618400
355.890500 348.555614
295.173399 411.982836
262.713114 161.162597
132.474151 305.306651
204.024895 340.523050
224.283492 307.532579
426.987899 226.755577
375.605910 341.594816
365.644361 399.315506
309.463343 189.313715
454.958645 333.208924
172.752976 254.090945
288.267785 211.224153
326.102917 343.499659
399.621774 330.994823
440.950851 232.187723
335.036266 381.625369
358.151125 346.797577
390.670647 159.122359
396.330994 209.363885
188.878129 319.402956
254.360904 251.817309
294.157283 165.541395
203.060970 355.701469
374.465948 234.480256
293.438804 423.516314
206.793570 175.036474
160.740005 283.000440
333.243249 212.795231
229.047020 225.019401
289.235581 162.332379
167.964429 389.829034
137.499504 337.154683
247.961499 166.584607
293.715992 452.697469
408.930128 335.273754
153.230542 356.435406
418.402123 361.856037
193.190226 239.828148
202.459559 303.424629
230.016867 210.988052
347.925517 254.455969
295.691526 158.641465
292.023300 211.077079
188.553883 262.861796
208.028042 314.860451
303.997049 444.588477
443.218969 214.584412
324.308501 275.815329
404.998003 388.497706
423.648166 229.617748
278.240932 194.556548
223.283567 163.646735
292.008713 154.981869
274.877727 265.916786
318.843891 237.769070
320.612453 262.761122
303.737781 169.301160
228.715905 335.368543
455.206707 243.341808
243.391652 169.316477
423.280710 249.108167
384.416940 171.668272
232.190872 223.031122
367.939626 451.132364
425.685047 231.383145
397.904231 193.212283
397.489432 250.496236
229.679024 251.179272
186.636774 200.832416
176.527744 328.384025
261.110352 371.393636
342.573693 368.460572
212.994532 292.128321
194.206279 214.371492
273.157800 193.028678
361.032063 324.182986
377.293448 349.358672
456.209966 336.797227
403.364586 228.179537
169.657082 360.387282
328.355087 435.841439
289.352716 285.748210
328.130104 167.906697
303.212074 283.290363
293.801103 464.428997
364.509425 364.652183
169.311415 384.898467
327.239237 139.647306
315.963675 284.990196
340.321272 165.717052
310.049535 351.125418
241.978939 315.599332
237.390186 163.381244
184.446120 205.698537
222.433041 410.694367
220.771229 279.364329
293.171402 188.040722
374.824849 261.667323
433.958028 272.914308
244.174146 402.572163
303.650669 213.153550
293.430022 398.807436
149.086647 273.426568
239.794622 328.681545
348.035367 453.605636
245.316055 264.438526
218.262109 241.268159
340.706380 419.035865
357.605228 427.248074
288.177880 424.018092
386.386549 172.017040
460.256354 286.050863
294.096920 238.437079
389.221702 340.054513
148.860810 306.092146
205.876931 251.068670
169.819765 222.264267
218.902803 415.283987
300.171178 188.989437
354.727709 354.783634
168.439738 199.216399
209.218891 297.468549
281.422690 327.793341
374.682757 243.965756
260.880959 405.962592
427.643297 224.285956
274.280631 294.052963
350.116111 142.959404
184.798559 268.142182
257.413115 169.697463
366.832186 424.497129
376.544732 273.846418
423.539929 254.992696
179.180281 295.519674
328.435201 177.424447
233.907272 332.328479
298.613549 167.708868
164.160551 204.307624
443.795171 314.093793
195.853127 318.053572
239.402850 358.663687
307.807745 321.963621
236.504979 257.295698
391.645483 165.032122
385.697539 316.947879
209.477326 199.477435
398.020352 236.522090
272.149487 439.526321
349.021353 388.518502
305.928566 209.496000
396.685737 426.578156
338.665349 191.352143
180.013573 235.559577
404.119726 418.331828
176.474745 242.537853
324.389543 371.144078
196.433129 400.283499
262.795886 164.992329
181.123524 363.651714
284.625209 248.533769
237.237348 159.483583
330.089595 237.485811
345.626860 369.229156
182.322157 234.472656
345.720490 139.621150
403.542097 320.244603
439.324783 302.801590
318.048155 229.312673
358.231103 437.862315
215.988639 354.329081
174.368036 388.342688
230.529249 303.807798
378.483156 234.600678
328.701645 314.300475
356.254586 403.181595
257.874238 422.407710
335.168501 412.156330
300.646697 245.135372
204.096456 404.675808
242.933156 236.555270
179.866003 221.922714
212.337665 232.129398
326.422415 442.079759
305.091592 322.798123
240.867822 177.646771
252.904070 150.182171
356.291017 345.273211
304.385071 350.478437
247.624577 322.655462
275.420192 284.046061
409.721096 360.350818
394.384504 360.214161
260.915830 424.123576
332.864058 270.258679
317.627223 216.906631
162.769026 326.088100
170.252890 207.616032
347.325028 383.115124
274.454041 217.332156
227.674982 448.531088
330.801299 145.184427
300.570074 248.854722
262.156362 216.941001
272.002016 465.573280
300.541526 464.552139
171.834897 320.884984
201.698839 296.719061
213.407034 156.604210
208.084013 439.361776
213.564797 158.160756
132.004581 299.566497
266.335315 249.302576
429.577627 373.456413
458.395859 257.567389
385.879937 199.520350
297.869120 189.960651
361.512431 404.623050
176.247807 291.987852
343.009498 459.695746
347.228603 259.971926
413.021722 281.203092
315.398929 181.925090
446.163406 251.886705
292.016941 451.788574
309.686240 243.416725
223.447493 170.248345
167.203268 330.983478
303.884545 151.509278
245.187087 443.184036
322.355166 219.654338
424.566010 409.847586
172.618133 376.622845
465.912994 276.318194
356.395718 312.061335
223.740260 180.670811
341.433420 294.824369
164.412279 208.422903
365.633518 192.960389
157.725001 222.579283
313.495279 261.980896
411.985818 287.855139
136.553008 282.394709
403.888355 295.821362
259.377823 328.716290
247.978978 363.148802
457.871306 315.155863
320.706361 241.052641
169.375641 202.526879
229.141837 406.393089
169.305596 380.585047
415.143448 295.208338
367.416615 340.388847
177.864411 377.118629
283.427365 208.481346
401.419038 378.760179
322.769567 387.637482
360.948773 218.845063
331.584430 284.230926
458.246410 261.960924
143.581327 292.955014
173.594792 309.175533
388.421118 431.250887
259.605522 320.230544
235.236741 264.129823
204.608058 193.322563
375.747657 375.392872
175.923321 342.919639
430.659151 271.749538
180.167436 282.490249
207.601426 347.317491
269.515981 381.110118
348.395607 200.653905
273.998635 456.637108
231.322597 318.195230
147.771088 244.767560
372.842522 150.024521
136.766426 271.982641
389.957832 347.655492
310.157048 439.624671
264.414150 263.110294
352.408929 378.562135
374.376447 415.076517
351.928457 228.019651
276.965063 166.898558
381.101424 245.187468
193.262975 238.243026
421.159666 226.401035
368.910544 248.201881
182.615851 313.551454
253.308627 333.689227
196.205956 190.503466
377.740469 356.490245
160.634900 263.652822
350.675798 273.794130
332.650539 222.220764
154.782797 355.161724
332.570824 145.557148
258.269475 172.111984
296.034078 466.426257
271.921259 334.479064
184.988888 414.658696
396.479603 255.981724
234.757578 323.518194
330.213668 208.088529
287.273881 218.370848
426.576439 335.924983
238.520450 199.603678
185.182020 319.247554
233.737395 303.800504
235.836059 182.040759
159.885132 354.790811
246.373002 172.545556
303.238820 255.494615
226.629445 435.683499
353.637220 254.723634
267.635911 182.011635
364.321137 290.460770
332.396235 395.692658
302.117607 385.311180
324.075896 169.043707
275.108660 225.183862
351.090478 391.444455
201.553919 269.581311
189.324238 260.082381
387.280462 268.486565
229.690993 236.806735
382.141936 432.116581
450.211123 271.675703
306.853486 394.427684
429.232168 282.971011
341.964239 453.420706
440.865500 260.944486
397.413089 259.463665
365.296968 327.318952
267.746280 221.604448
194.170739 227.935352
364.455240 229.293449
368.136259 297.663200
235.730138 185.949705
377.471037 226.372106
428.666702 337.178258
452.959325 295.241243
397.951531 285.837732
171.993786 322.884776
299.647240 459.928143
312.001316 238.064545
301.139551 255.406368
330.602328 358.185140
281.088186 256.065355
330.769926 200.942038
385.917696 345.922626
162.030225 262.539059
224.555817 374.755676
389.368176 392.037025
300.747170 226.541245
324.321319 335.228687
272.951565 344.408446
348.900578 211.480375
324.446737 410.759994
325.117726 238.294157
149.261276 268.095733
173.863075 392.732360
287.435434 448.413971
337.337061 454.664822
279.455747 319.820408
272.585440 333.327712
441.781465 312.401924
260.241792 140.562734
183.656791 415.905033
308.882723 442.132478
188.793381 271.824278
229.477882 401.875140
231.961100 425.206169
406.593469 238.365409
415.879254 321.521121
218.209588 194.605065
231.474016 295.706884
218.257484 316.767794
289.490102 404.711577
403.621242 399.200662
219.483560 432.520666
370.759228 350.236920
241.596499 196.455742
406.659541 314.765928
286.684833 202.853877
401.002020 203.015856
316.376665 423.297831
458.667359 301.664162
381.941963 392.886568
181.164712 279.781981
329.383569 353.066282
279.884721 254.535538
423.494040 335.907595
240.772656 438.408480
278.484068 415.791837
273.252136 341.876752
217.013941 370.156160
331.501578 385.852536
217.337819 316.592888
420.970215 415.111849
340.209706 394.871446
399.514601 315.046056
387.940333 323.236361
328.362454 268.033527
276.917876 262.062158
344.709396 253.778640
423.354069 254.678075
397.797018 386.666168
202.500584 343.707907
381.800657 218.158252
417.834285 242.644765
310.945722 379.805184
282.139168 139.255026
403.935863 359.085363
170.596156 387.057572
341.381652 413.875098
285.184211 334.870886
362.652313 313.564331
166.821051 273.711093
220.542125 260.023145
188.779205 347.120577
307.780428 362.107727
296.098572 139.365348
140.593739 352.449700
244.653242 338.009471
182.347171 383.224585
330.969864 416.852080
280.131621 427.682366
259.465152 347.540373
279.888155 372.016929
393.459455 333.531847
170.590265 208.772701
316.193686 172.473874
425.908046 249.922191
392.037332 369.578378
229.790514 387.601302
248.934229 194.324439
186.304722 230.395698
412.091223 347.058694
387.328912 276.353024
428.480184 250.733878
285.185957 405.029515
251.898558 273.780314
214.817101 252.224489
146.115368 259.368284
300.506834 333.822600
353.099324 271.421047
293.238162 377.304342
243.733355 391.687998
176.526352 398.902870
364.627182 245.662418
171.645348 395.095433
540.000000 300.000000
532.459959 359.685573
510.313603 415.620882
474.952471 464.291305
428.598431 502.638702
374.164079 528.253564
315.069725 539.526415
255.028484 535.748940
197.812970 517.158493
147.018242 484.923178
105.835921 441.068461
76.853643 388.349893
61.892472 330.079976
61.892472 269.920024
76.853643 211.650107
105.835921 158.931539
147.018242 115.076822
197.812970 82.841507
255.028484 64.251060
315.069725 60.473585
374.164079 71.746436
428.598431 97.361298
474.952471 135.708695
510.313603 184.379118
532.459959 240.314427
