329.032200 438.821065
435.396899 212.845103
325.186919 383.764472
151.041509 297.099369
379.700377 224.886454
256.073781 257.969571
143.898221 311.567855
386.850724 263.636798
395.950208 213.501730
340.339512 290.645213
314.536566 169.532232
338.705913 341.745887
411.599002 222.944121
317.375248 397.494867
238.323424 253.612537
219.853946 229.641692
398.713059 425.775088
375.581233 250.474523
165.466912 271.030895
291.682340 156.090861
176.271192 240.451018
200.833517 277.170050
139.158581 291.032775
428.448458 353.589718
238.961874 325.328048
394.398532 424.774313
213.259292 161.013973
362.936604 435.484680
243.637972 331.781384
284.235946 406.463789
230.679902 437.322785
155.319082 241.398449
318.133925 306.467996
388.818494 187.594703
238.328196 193.294286
240.643056 275.612671
341.648250 221.662717
322.208195 274.385871
324.783712 186.650220
232.059655 341.923301
335.583806 138.839272
248.286744 310.998629
416.462380 364.727755
419.205976 323.743049
196.919980 292.102595
187.546258 395.137897
356.541479 450.104883
379.693946 376.162651
141.180356 271.990796
257.182601 274.237613
277.205054 458.588905
342.146851 345.258105
198.567095 292.147135
233.268550 431.408610
393.821578 306.598576
338.553308 347.295558
254.590881 439.412072
242.672777 451.427426
138.218954 338.626477
316.233561 193.902874
343.615770 403.636172
327.698697 278.967188
365.317922 217.345129
259.475441 286.246674
396.609970 178.660475
364.227381 234.445793
150.790418 309.408907
318.929207 317.774124
136.257326 276.733391
409.186655 290.394800
238.341914 312.493144
272.737602 299.087104
277.964752 193.356591
262.201248 407.269067
421.988485 238.353017
180.181057 261.850598
187.409048 310.187425
355.880034 204.967005
428.491979 289.887364
388.810003 296.042245
328.662205 461.926967
300.769319 143.671433
234.976066 333.300616
288.630949 324.454346
215.665124 263.263359
296.664744 224.554562
290.086197 337.424834
258.283435 225.845638
176.924498 317.550287
431.177398 299.599429
434.308580 231.530908
330.754475 426.463094
282.901559 456.852504
390.916725 207.676709
153.684196 265.421942
408.297218 226.148829
348.743782 315.609310
463.356467 333.142265
252.048937 188.130993
356.196122 351.884087
391.704425 373.432506
222.265636 317.328442
183.982429 408.890889
277.394926 174.055962
201.126071 428.855785
221.685082 415.601869
199.784410 397.498207
421.630885 308.459207
217.749207 248.703225
178.691603 197.726617
183.816691 189.382318
202.455100 304.481813
133.287494 282.074005
328.046896 420.768196
434.493273 338.258905
263.875520 181.588093
295.556682 301.630985
373.802819 297.866479
211.879180 401.048008
260.358031 258.336865
415.383805 243.739600
312.042552 316.635399
327.826751 368.050182
210.517632 366.697350
176.615022 343.983406
196.094356 272.156191
278.288842 460.487219
450.495027 251.531133
382.051240 342.412544
286.079442 365.680362
178.013642 247.202577
340.483507 243.082907
400.109965 260.908270
395.392499 180.805928
196.050918 211.162655
312.815408 437.038012
443.710678 220.749312
335.164495 392.859185
252.520356 432.191565
326.563863 369.253919
373.878859 391.734975
237.872057 447.820147
294.431200 138.793468
415.566170 417.099930
213.452289 197.996443
152.676107 313.760514
401.080352 305.143450
328.341116 454.738336
297.123222 177.730942
362.244401 414.633944
183.307934 255.716269
213.938373 341.631415
363.482044 448.617267
312.916416 441.695837
355.389619 390.829007
221.711108 363.098938
314.193979 379.358280
138.829934 289.526832
149.018449 334.846253
347.561786 315.778592
270.885429 249.171953
463.162293 320.641637
329.331130 425.667440
395.020069 308.628406
270.488799 411.588467
347.736659 328.289272
428.585415 273.132479
183.159076 310.893213
419.340860 376.500179
141.186872 285.411953
386.324353 300.304417
368.641893 219.524008
144.964042 253.733983
425.304043 194.554393
409.373951 250.558497
199.698452 268.538010
288.082783 252.698514
384.433137 346.257236
168.423219 370.368482
324.509608 295.439653
375.353882 370.259582
211.279260 194.064341
227.302097 293.782772
376.605492 234.883699
393.261050 395.381572
324.262928 434.994386
233.018091 156.957279
217.547025 310.026248
405.585791 365.350592
358.175952 330.810437
182.118121 364.026927
193.892049 247.195394
455.692135 357.587252
187.438214 409.617094
192.111040 326.783901
195.880972 391.352589
208.909088 222.013196
143.177040 269.480274
294.340532 169.002708
403.636581 185.287088
409.961965 380.800572
269.620205 317.449655
169.109573 273.133214
319.426489 174.786454
205.520039 262.255509
305.240260 195.181343
304.061972 321.713407
404.243584 239.374882
407.048310 245.404644
320.368947 342.924150
395.718312 319.207151
216.853039 183.941989
194.126456 219.603590
439.588163 307.586439
324.887999 311.029675
344.545098 336.710103
242.626002 364.641345
354.840006 332.888590
365.890456 410.580926
366.082133 382.416831
436.871972 331.673562
246.980788 291.979737
467.310535 300.743135
190.258228 259.860340
230.056841 209.948635
376.949733 186.074549
205.855370 316.067169
215.943778 167.656125
265.416645 161.150750
209.865666 412.638856
173.197482 240.211274
392.595096 216.955833
391.069421 303.678960
233.024869 376.216819
235.287345 231.055227
341.566604 451.924980
267.679638 287.589380
273.940400 316.635091
406.423585 350.729642
172.827646 206.661110
149.198588 287.090923
265.585159 279.995149
322.889286 463.384315
239.017130 153.242133
395.307919 323.611845
408.147885 193.165664
377.576787 401.230102
431.377900 357.332892
294.949751 407.633443
452.509418 262.173640
350.453066 147.906622
360.938417 346.089764
404.782279 408.915530
389.076476 163.557670
342.384121 423.581856
174.788489 192.640990
213.625915 276.228635
328.782615 172.640618
194.772390 278.529252
324.253887 389.041453
291.504593 300.153041
226.542693 180.310723
320.482702 439.947471
211.082800 280.022850
298.347496 249.630414
282.153266 265.549032
442.336850 348.177946
344.185181 422.194912
357.928320 313.961123
248.764004 343.880546
221.497969 320.232352
369.588774 186.641438
308.045761 200.562161
317.891845 135.149278
269.877569 373.116017
222.222395 256.865527
243.855053 306.445623
255.661823 214.447532
409.488830 191.167568
386.496507 431.312261
192.962966 391.139227
194.890693 396.141450
390.780661 431.000844
377.200200 297.152634
299.269155 332.658298
358.038721 328.440297
322.738597 286.422421
318.087447 148.031236
385.423553 333.488679
299.828117 220.984246
246.865298 324.166699
288.047284 461.406354
151.724350 376.742811
263.138110 386.058314
196.691730 395.195665
310.439617 360.528812
211.713289 395.177934
340.100420 271.632141
353.292340 398.345930
243.039860 306.816052
447.651766 242.917860
280.006717 210.694614
389.639186 397.387006
393.169329 391.190952
156.353729 307.017193
360.138348 287.825965
206.810068 363.756898
188.947500 246.592604
372.535846 396.019585
349.841446 324.921962
165.095233 335.236012
293.618351 138.195138
253.321722 332.445498
357.693495 338.632542
158.129704 374.614831
372.966752 407.905455
423.614037 332.354905
359.840192 266.202909
223.061080 308.355240
275.476164 352.952990
448.103501 345.680752
383.345838 416.717796
278.236607 302.263490
283.824450 417.957414
193.900701 294.808552
318.909792 428.251527
250.585445 203.720715
168.632852 367.772434
334.852822 288.992323
346.343858 318.925051
261.005458 219.560689
250.374373 407.747577
398.735084 405.404485
444.343218 313.550313
330.027393 184.908796
227.255281 423.922394
378.539902 207.562097
274.373274 388.931385
151.687826 254.856726
268.513305 275.916708
328.615768 316.526320
373.677761 316.432718
409.531599 221.733629
220.399135 221.904445
296.209745 277.276378
137.525974 284.494423
439.816726 379.273030
193.970335 192.137584
292.819546 275.742935
287.341675 145.127399
249.927243 167.747785
193.929071 243.511771
309.079874 293.987297
461.227817 297.931844
356.818847 316.582696
212.503028 209.837363
300.124583 377.896460
409.457902 353.088097
307.413640 329.632119
381.627845 403.121334
318.060341 258.951545
395.080507 392.750136
296.185780 140.366316
419.478217 415.364843
299.465727 201.870441
344.362353 412.775644
322.136497 373.294155
273.743043 220.221457
382.455275 339.048346
413.075717 229.784354
210.828046 307.790083
157.215849 386.507273
224.828089 438.098118
314.946142 344.175426
328.177906 203.780549
380.231705 197.962236
334.707560 250.323260
303.866823 188.108299
236.154185 306.811860
170.067084 275.023925
250.500267 430.052452
457.845742 308.456550
415.184565 278.295558
144.550911 324.791983
217.124766 446.030979
187.916612 197.340456
312.601552 305.256411
319.029640 136.357676
248.180385 295.034581
421.222803 395.762894
264.212962 432.160742
325.028695 449.058687
330.787581 271.968488
357.838203 434.262976
257.797795 333.222963
354.043353 235.285829
175.731080 284.674609
196.645498 178.805038
326.408718 417.714277
223.366101 302.099553
177.943087 293.699886
236.879606 245.994220
415.885195 296.265334
433.700327 282.606687
375.055814 179.289610
378.315791 347.089656
229.333125 322.069465
181.923313 340.204037
217.226099 443.574335
396.476844 208.763717
276.186168 283.540024
451.349046 344.714323
215.684591 273.231055
374.137634 360.110365
181.434858 243.467220
281.153444 209.113939
376.598800 159.264523
207.081292 428.213211
305.898253 240.753186
221.023327 375.128537
460.321585 293.836365
339.101909 158.338489
382.283860 302.923951
359.630600 409.645883
230.143165 231.598897
217.597761 158.914889
427.856167 273.863187
379.176843 405.195214
213.201952 270.483296
278.502898 253.109877
390.083022 301.750004
411.794374 191.256519
381.283944 407.225599
393.284831 248.941162
293.260891 304.566137
235.790252 420.314999
322.133733 151.997996
260.637555 418.532224
215.573106 340.018844
463.558217 316.169827
418.084797 351.059707
444.542976 313.216750
415.607553 274.811461
343.723209 421.963336
340.607439 461.675422
252.166777 302.776906
324.040293 384.078758
218.034824 208.228097
345.073438 267.526273
400.570729 199.568309
372.250714 399.890731
307.650121 243.283330
228.392164 194.211128
305.347911 245.744071
187.293299 302.023713
304.928129 219.206800
228.878182 302.661616
389.494176 424.260617
345.946627 420.218572
366.708247 216.764637
311.732300 155.153850
225.097882 168.980683
183.451715 250.953781
199.939871 308.546410
405.779416 199.353552
330.068398 420.122118
255.753363 213.074959
203.168930 216.696797
302.531558 296.111910
326.294843 261.871053
325.530768 245.077601
270.320169 304.686602
383.349149 293.584767
355.854337 256.102658
260.030497 301.844828
457.097158 299.059640
273.008755 244.325205
274.635573 439.652160
193.368375 291.403749
189.839212 424.519315
309.395160 374.804831
347.258688 371.440304
402.730897 401.947119
303.639827 448.001187
282.916223 133.494954
251.904289 242.213616
145.376610 358.956817
413.377801 255.334618
279.972447 442.764883
348.183917 240.427014
391.271230 230.029268
299.112947 336.202803
392.892135 240.602479
220.680901 359.446171
436.347424 311.744534
271.847495 204.128328
379.316856 233.952486
369.768330 346.756849
152.772480 300.299165
295.620137 168.505136
203.244423 345.686602
413.578400 289.658329
245.888735 423.135700
355.721226 378.151534
228.798848 401.162574
390.493910 330.555252
274.874464 170.101452
292.884070 393.388323
380.182008 213.606008
397.308432 342.494662
432.009043 235.085292
262.339937 216.870275
312.534960 220.801949
346.398215 423.052131
167.176259 269.317112
321.890552 338.133617
345.446480 182.524205
356.914535 256.734655
169.430898 227.995028
351.934261 421.568324
226.570135 234.027999
274.144830 462.766488
199.076171 289.649398
332.803199 165.281788
205.636235 253.372352
322.323188 377.550710
273.788305 312.903036
161.979495 229.973374
333.638134 143.386372
283.802485 178.672632
288.657779 166.639570
310.482708 313.594273
406.038678 344.959154
246.611955 149.683499
269.520304 416.475080
205.258160 413.881627
350.671337 217.907650
229.938477 224.638915
449.549645 321.766479
388.626670 170.914434
252.338793 281.103093
219.459432 157.429219
408.980046 288.751017
310.218724 263.139798
355.429727 405.056624
210.002652 400.928412
454.949305 284.509832
243.355377 447.877182
178.434777 391.271411
370.724665 429.575055
167.987376 307.641398
298.098583 265.261646
171.219698 282.355716
370.180161 447.826017
368.437341 270.764747
359.600132 176.052367
244.258385 320.421304
288.840862 440.381634
457.350513 274.585068
304.069614 276.129695
336.453035 274.030992
359.040058 269.891294
363.154982 370.557968
250.343676 238.999234
451.055240 317.188410
385.060118 271.419324
407.811999 219.813886
413.114625 345.129802
357.290849 387.497579
369.968960 168.704070
298.530709 383.702945
161.498474 309.772434
234.021999 339.280317
175.225122 319.782817
145.237370 301.016407
319.801382 281.153691
202.811447 253.601871
226.155017 306.100042
293.197456 447.002079
351.810650 264.606737
326.304506 189.064108
251.031487 238.689863
260.661416 219.512409
220.634498 425.812409
297.381435 189.947746
157.664932 281.469930
275.323083 274.098904
390.560328 323.283230
350.248121 341.426099
232.740662 291.368861
255.355669 353.756028
242.118192 398.142718
213.172467 310.976526
191.138706 224.655953
307.406119 213.235343
366.505139 227.769568
248.585660 211.515561
253.347765 313.040230
191.698306 271.133053
342.345632 408.544378
331.326096 321.445698
326.402043 217.931265
238.504016 439.607326
188.320422 306.659993
318.101691 378.326383
323.506339 347.265312
286.506375 357.518992
267.661594 184.027558
204.487570 279.640334
276.513709 324.772392
374.027131 154.285798
276.386928 138.918793
416.933478 329.061420
423.883770 396.841259
326.996935 207.390300
310.948607 362.658963
282.924313 156.286872
302.496730 430.077198
179.473672 184.441111
293.097050 359.215985
237.987083 189.782239
456.116879 263.674127
338.720556 345.895428
243.865536 154.004563
361.697586 393.493911
355.397937 357.346967
274.390345 142.184751
415.594446 398.654523
284.442418 280.810425
417.079788 348.315872
304.009554 323.489129
266.251075 412.226902
374.963880 277.546866
181.452840 388.574837
223.664268 336.580543
437.017358 397.185654
299.521305 134.932881
268.570195 412.571122
265.007666 324.962232
231.452980 160.211592
221.007663 446.878752
318.248958 178.038330
241.122050 153.124184
227.763526 449.101885
192.266583 294.088810
228.127735 436.406665
335.533737 308.007876
356.124194 172.923320
288.215839 285.790715
411.326807 241.180900
189.323295 361.857374
440.154848 242.738665
216.062168 386.758155
415.995330 348.939692
351.467141 357.284752
313.132529 199.247212
423.930425 303.855507
427.670896 358.354085
304.882461 279.189936
307.029493 226.921081
212.621358 366.972256
277.450536 418.692901
275.051876 346.238111
226.759836 240.065565
386.233794 388.330413
387.726273 230.254294
240.009876 418.239966
172.533828 193.686856
245.532584 226.452502
191.180229 380.972937
332.407664 363.175286
330.477962 381.583260
356.336902 236.900393
411.459106 214.620658
351.457070 261.684980
212.895489 356.961494
240.611290 367.277402
381.675731 407.126733
294.780150 311.197893
234.742921 187.005044
383.789631 367.537806
251.976632 375.867437
306.585727 325.440758
436.038551 264.128790
192.965396 298.350014
227.142819 171.224528
332.612305 289.006217
293.441635 160.203733
236.433217 201.463611
363.228387 329.165370
208.703912 295.193272
393.478643 334.898457
431.682623 343.498960
287.598407 181.519513
396.559955 185.191547
204.845076 385.507346
237.038994 361.310011
228.864125 375.521678
184.179911 285.796710
272.143232 257.846443
416.983559 325.953650
370.503360 430.796003
373.744798 227.186907
441.697096 333.311530
311.288253 315.933818
364.455468 387.776918
164.102227 312.175544
228.634559 379.306904
222.737244 329.722136
403.402054 280.010212
385.454067 178.708459
410.886213 395.851806
206.172588 418.993900
272.013192 174.345481
269.214713 328.805135
168.352861 309.780139
320.746759 397.186105
374.558254 399.713432
354.736167 293.121356
266.534263 338.624925
305.622507 263.448757
296.430519 464.676279
161.026537 265.625542
325.990360 324.421504
270.276495 404.908021
371.417559 199.581392
278.900284 287.497176
172.425418 222.167278
335.865781 228.778872
331.923114 412.401087
219.288619 220.790004
376.660210 216.317976
324.959066 410.813887
333.202628 388.842728
227.602417 446.567554
147.800218 239.574075
387.089470 263.184716
383.734726 359.242566
367.458979 234.823820
400.165482 220.692495
391.885564 230.323865
292.645506 326.031454
290.877854 258.576111
252.675855 203.576909
236.362457 341.611337
283.278420 365.957927
223.554974 259.188512
193.573053 379.151589
197.227849 248.185473
378.993055 411.657024
288.172206 305.345124
291.468052 437.167740
364.744015 351.270756
186.689440 388.842233
336.322026 319.299341
366.836638 195.330790
396.265004 425.156867
400.556061 340.402500
188.685303 236.232601
161.410384 344.874618
270.257364 458.832147
413.756877 179.323890
313.336344 349.345734
329.656366 434.963110
257.726140 375.184453
452.128255 359.355688
238.671163 347.825348
305.255986 264.228532
227.905529 157.688895
257.813418 449.511304
326.332369 259.593320
390.780864 265.812513
299.628853 251.376594
415.141519 216.661676
208.145876 409.930618
344.155999 245.587200
302.084471 304.638384
421.502042 331.953829
328.389296 454.199676
269.412066 414.989048
256.438554 342.078335
261.994482 287.278027
251.652825 364.409905
263.215980 279.167873
296.033617 372.384112
294.998733 400.177654
220.684082 263.605547
237.600290 202.818017
351.830807 394.087843
187.647788 400.991451
447.753505 338.812013
153.242561 269.712907
263.122851 174.914345
194.480861 212.470310
175.021090 280.306848
146.891405 323.174433
281.330527 178.526673
379.313630 168.030654
306.734911 132.164174
259.295886 246.661700
224.155957 405.285679
440.414317 317.270382
309.292059 192.449601
320.767255 264.380877
373.954531 312.266563
168.486845 225.706755
425.692781 295.432178
427.961085 312.274652
271.092391 369.680528
269.473749 255.737592
271.553032 368.534809
390.328035 193.891886
291.848628 171.224344
142.379252 270.922030
415.334689 180.449302
339.290800 408.107372
199.848334 209.862893
337.407547 172.978414
456.981363 285.316405
147.502566 336.879152
245.362768 218.622489
446.381800 297.876211
163.240791 303.594368
299.322338 153.671977
334.835997 394.161766
364.539817 305.473226
338.250353 296.829335
248.496057 419.221056
235.271558 387.001559
366.247673 306.009851
205.769388 428.818821
228.247332 180.356662
218.456679 209.819433
371.114006 348.614392
405.727110 337.769204
245.386091 382.186164
187.568397 319.879360
290.905683 213.202110
357.197562 444.673750
354.277432 289.650234
225.416511 282.830778
173.133600 383.137547
388.129893 299.364239
429.728446 276.925918
260.606331 139.662615
344.137808 369.159289
237.799948 179.015894
216.312630 309.284416
268.581033 178.812324
333.485430 238.943813
436.677918 334.366686
387.796619 277.629069
379.795932 173.006339
417.414242 227.873739
298.696903 199.600484
236.094154 289.482466
412.863904 348.506032
303.158747 260.123816
250.617644 415.360199
284.899576 273.500468
154.554632 378.156782
165.023621 222.505367
419.123208 406.118165
288.684669 222.205472
243.220234 402.000798
230.034481 251.257223
412.671561 368.530025
324.661583 378.880874
203.236616 254.473169
320.549413 306.929563
234.461635 362.961734
214.377680 391.819487
407.586708 398.452301
397.581276 204.790254
200.377191 246.882112
331.231896 249.625859
382.994361 427.568414
278.574754 391.630210
274.876586 318.932820
271.491397 307.035787
313.800383 224.939318
331.019245 294.019536
360.894529 159.349964
365.936580 189.311627
241.175030 448.329353
410.345515 379.330393
407.552788 293.542281
425.785011 233.100214
461.376213 253.467711
271.313203 341.426487
263.588827 432.305078
280.025415 420.064483
430.903999 354.526530
382.097277 162.134343
231.529227 349.134409
417.744563 318.862730
319.402529 348.266744
394.034729 326.800704
328.843166 239.427653
441.826441 246.946163
193.034073 300.607998
377.588387 245.880202
352.197740 198.645810
398.507623 221.331891
287.390941 355.915934
362.678748 244.791930
351.299184 209.762718
420.745764 240.334023
193.212941 404.771479
252.852054 371.506581
342.477792 201.325975
329.935677 253.317670
371.481290 238.045163
184.149006 312.943629
218.835134 300.728334
427.431181 208.446756
362.121216 369.253587
338.189027 312.545744
405.154956 297.946519
264.241323 144.468892
273.903952 290.042859
290.520214 452.650976
399.208327 295.218366
231.457950 297.275151
178.292507 360.223600
256.360426 450.598574
203.469913 340.468524
408.323586 260.227548
330.340900 382.361152
348.408309 293.013615
297.676886 246.560801
258.101073 253.307447
206.309778 265.943771
284.993325 364.869915
240.917440 301.453456
189.598835 295.590823
334.040838 203.793020
246.922423 159.308497
332.569024 313.727769
246.115360 327.347684
320.201959 215.535767
230.751942 450.302182
410.765011 387.444832
334.513472 271.827677
266.751933 376.164825
439.094896 213.989527
158.497587 332.836724
163.487343 300.554400
372.825664 339.170136
344.597780 415.111918
183.739119 366.624742
407.315249 207.693659
310.634152 414.993413
359.954326 286.873670
292.982451 434.640494
209.437059 160.116558
353.933319 294.999591
284.197008 136.364095
207.464973 321.053606
199.439248 265.290475
428.879503 225.812229
358.044673 398.533823
343.966870 426.848133
384.990245 333.983251
390.756939 250.749587
449.083684 332.831837
347.821330 270.117762
333.225924 399.020165
385.263365 246.152422
255.174064 274.610415
249.782285 343.032194
223.462462 235.488905
390.798824 224.167538
307.686443 465.173444
446.450993 253.277859
357.816479 364.415935
214.063230 324.874939
352.854172 292.158415
400.486992 325.686976
278.967327 170.071060
167.314438 283.696176
428.364625 256.403546
333.551630 202.263123
225.888153 203.427928
210.049458 256.551911
274.656825 372.166808
288.147902 399.669574
207.995809 232.596722
148.211414 321.331046
293.089997 434.752901
311.707608 454.931584
430.544747 218.159614
441.397527 250.663490
225.169767 278.004802
163.520111 284.354448
396.217694 359.870988
540.000000 300.000000
300.000000 540.000000
60.000000 300.000000
300.000000 60.000000
