362.464336 177.694418
351.408685 458.404447
419.700595 316.303362
435.383773 286.614574
213.690342 189.260006
289.229082 153.389239
346.260658 220.885041
365.693888 303.796640
211.825370 169.959519
349.399557 438.210510
349.909313 424.591211
397.884381 202.401796
256.754204 370.248327
431.121363 373.492108
247.184600 196.837951
412.405673 369.221798
444.132577 257.575123
253.369795 228.994458
227.534266 368.645354
296.613138 297.352402
412.054974 351.586355
454.514831 253.652508
293.331253 241.278375
354.673230 275.273868
421.996164 314.781004
366.132988 445.854574
178.409469 406.834209
313.995588 321.316456
423.394093 257.025136
156.019894 328.355561
241.995460 255.252981
452.611179 241.530938
303.700731 395.342229
261.039328 349.641997
345.323511 368.898901
224.101656 403.647986
399.689028 172.039045
326.055855 305.744376
251.970752 163.678615
201.236099 244.008734
242.732788 147.139972
435.227277 309.318736
166.849440 198.241328
316.925988 327.984612
336.841790 209.101462
292.526628 231.321249
540.000000 300.000000
300.000000 540.000000
60.000000 300.000000
300.000000 60.000000
