245.899566 310.523678
399.904097 384.927042
348.083798 455.886453
223.525681 247.456928
368.728203 194.951752
379.134387 243.319075
192.233899 192.547758
252.620657 352.661701
430.426506 333.248472
344.040387 234.002452
399.568987 326.871941
392.388744 402.070055
363.580431 189.995457
320.426386 336.714873
387.044795 253.903022
296.421667 185.428203
327.366874 203.353818
359.640918 247.955670
374.903839 387.510820
420.946297 337.813051
339.438030 416.179762
456.989503 294.229984
398.086617 275.152252
297.869623 150.642462
232.418304 271.520597
187.654111 326.548542
144.906498 339.445293
286.661403 420.687112
290.646405 212.275082
362.539748 426.726025
307.783310 237.275498
282.626565 349.212060
289.349922 166.381041
150.104537 237.980546
369.729861 390.321004
231.178345 223.586248
348.054675 218.420137
164.345291 217.823430
452.836756 283.018680
399.285571 179.492134
397.903508 265.706378
239.330282 304.681465
309.067657 318.950622
248.548860 434.924473
408.964286 259.466986
374.157055 269.629708
369.978190 322.183092
416.799835 303.046994
422.802286 296.232172
253.242015 386.799509
233.318858 307.975593
203.377378 257.356992
376.833016 189.183788
174.282961 396.341392
418.869336 204.617707
338.057864 264.739130
363.445362 333.951489
366.250010 229.670085
425.392939 373.935497
306.954779 460.317483
414.043514 264.609505
205.081353 305.298324
373.878578 387.704572
146.144961 287.321851
329.518224 228.123834
288.185537 256.146029
467.927188 295.928921
200.090851 284.968170
400.851125 168.709129
409.370888 209.039461
323.607279 193.021387
304.936165 333.640971
286.503820 339.514778
344.627922 259.343356
255.671926 459.707392
540.000000 300.000000
532.459959 359.685573
510.313603 415.620882
474.952471 464.291305
428.598431 502.638702
374.164079 528.253564
315.069725 539.526415
255.028484 535.748940
197.812970 517.158493
147.018242 484.923178
105.835921 441.068461
76.853643 388.349893
61.892472 330.079976
61.892472 269.920024
76.853643 211.650107
105.835921 158.931539
147.018242 115.076822
197.812970 82.841507
255.028484 64.251060
315.069725 60.473585
374.164079 71.746436
428.598431 97.361298
474.952471 135.708695
510.313603 184.379118
532.459959 240.314427
