292.090192 208.468498
412.804954 266.856279
272.572934 230.295847
269.982603 139.551433
286.500578 517.188409
351.802140 344.332818
165.974465 220.304044
201.539504 217.967661
251.251049 220.719676
401.440713 313.529178
314.614549 362.133820
175.915257 257.745342
457.177255 374.767063
334.012523 493.061379
104.640256 343.173653
197.099591 272.182425
466.671943 434.116842
259.762754 352.982267
228.441865 465.103127
513.398661 263.837300
367.622375 101.443044
426.092218 358.650144
167.454657 313.814945
381.037122 429.288373
280.020044 435.364022
259.955480 180.708274
234.753364 292.746165
500.795146 293.937021
338.430974 132.085677
249.545296 413.498123
269.130781 382.781853
282.021523 154.455567
381.821810 402.437318
376.776401 446.916826
280.112030 242.927438
235.752958 256.856876
442.763430 374.328318
332.884394 433.347059
377.587241 285.691251
189.237671 278.676880
