406.895385 450.685949
292.272544 264.277410
452.629676 181.736709
403.524106 273.030282
177.240157 142.157078
286.844638 110.938534
219.353879 325.431097
458.435954 322.870268
111.163493 410.103307
204.859190 421.607700
327.518436 471.493321
452.302664 234.777042
444.247013 179.588908
459.638395 318.725959
318.148538 106.321495
334.719024 348.708003
108.945109 381.234592
133.951225 389.160989
329.710405 488.068486
402.867798 166.673176
162.526474 388.453434
199.298264 146.867371
452.725119 405.475198
157.479157 332.355611
362.368437 154.527022
373.375705 257.469344
402.922615 363.014124
123.123226 221.494247
331.699461 443.435710
399.984470 355.988119
491.693726 201.009323
324.621109 454.319591
342.549915 281.236259
224.194518 454.215975
263.977053 243.037692
169.964554 376.377969
153.934433 244.280748
456.970327 196.798159
141.349804 355.423448
357.717286 148.040106
132.138725 173.047647
319.624549 215.305367
373.495043 383.192600
392.676919 372.193082
261.627116 266.687539
230.511195 384.783433
446.920651 436.245028
173.952108 277.188095
491.141192 406.128425
111.285038 219.059502
90.565551 351.055072
219.064391 334.658786
510.508818 348.806138
173.089342 371.085027
439.964129 297.966816
250.946056 253.109166
212.219197 456.892791
232.132794 388.008960
148.142365 419.200027
383.110524 170.428668
235.673346 168.860047
356.861980 488.543283
293.514014 474.598080
245.838304 185.138218
240.528336 456.829083
427.495106 170.736146
223.899266 210.079408
120.297301 416.745346
315.850642 480.393458
270.030709 471.721607
363.091046 134.351781
266.436467 375.267941
205.891356 431.602364
208.918325 372.780978
480.186431 275.375405
266.248425 96.296659
418.127244 408.868040
230.309647 341.858312
300.862572 95.772512
297.147756 123.764293
384.572475 117.423635
393.135465 215.586594
224.128876 318.380579
171.367733 332.638184
429.830481 432.078874
143.915794 177.866342
280.025563 324.699117
414.287191 261.090093
228.506603 107.145246
152.469137 161.430840
339.728287 199.461234
470.543636 178.783581
349.550123 512.200790
380.947099 469.994264
187.916026 393.227967
395.643910 436.439585
486.778097 333.022870
295.127629 81.262405
349.916163 382.116054
475.513093 242.155056
288.128236 215.111021
204.371897 315.065420
297.111222 222.403322
97.672398 353.447003
345.408397 386.145609
403.084456 207.071949
390.132949 477.883041
421.134779 211.456055
267.260051 96.155780
194.735672 252.966899
387.810723 349.493553
371.949251 502.272677
378.290653 369.995606
316.269392 454.606321
200.165671 268.067542
211.516877 283.118749
132.755802 408.047842
260.645687 142.915930
347.651340 220.917915
226.245642 171.244451
302.722295 320.873898
144.903820 266.067639
294.183566 183.164392
504.645141 374.265328
275.538570 174.255793
141.353546 293.745808
214.422596 378.165233
393.687617 362.956979
163.521603 132.008381
285.676985 373.096517
174.409187 378.766792
493.454009 387.665407
432.705891 163.371625
283.868524 485.213716
366.268857 415.164845
453.036477 200.643527
110.719045 242.573409
388.521120 306.579909
178.645291 332.430534
449.314309 336.771767
416.363662 370.134112
223.814570 289.275163
423.840291 382.047133
238.424527 479.957864
181.187514 275.876030
235.779122 117.413087
485.863414 399.192795
311.924823 256.374825
203.759502 468.509823
418.425706 340.711601
377.116405 171.614830
145.562724 209.864729
114.229775 361.887594
285.557290 195.986199
432.316996 316.282841
103.970384 260.421740
282.266775 295.846440
261.410323 355.690336
157.844993 231.089706
381.966196 295.658816
342.520582 275.564685
129.103267 415.000364
504.462080 319.510733
333.636510 374.913802
314.860820 403.197296
205.809273 179.430799
165.022003 296.212857
220.428393 122.458176
165.654006 406.628561
336.573068 474.187321
305.723791 171.185757
392.912356 213.777086
166.452568 340.890597
149.179061 151.866912
128.895800 396.184582
302.107624 452.179334
227.188124 198.153265
441.096265 206.101509
183.184350 184.278681
474.616299 208.462249
88.995576 358.565492
327.353614 212.095146
191.848069 111.596168
239.601911 360.136542
311.042624 400.279587
358.610487 171.784210
346.109890 278.489905
233.705844 427.270874
426.505192 218.494109
171.691183 426.345755
106.780442 261.777315
263.660228 345.144525
89.433618 242.328098
213.443449 321.177279
490.806732 332.700351
268.587699 469.923062
98.742649 331.121418
353.384212 224.197363
441.878270 179.513837
276.615841 491.795520
242.727599 291.321739
322.129399 273.613106
328.475887 172.219546
357.787716 159.006533
213.472646 178.663750
293.496999 162.448260
408.140126 136.546797
196.429828 346.278564
351.304475 480.818709
301.180144 179.545721
279.837894 180.376701
282.890518 130.999209
187.593284 271.353123
259.366118 155.388257
97.866445 224.670949
354.819215 175.451277
101.656534 302.771703
166.260796 434.251680
152.251176 386.571246
231.800070 389.805638
235.275031 278.703830
376.350629 353.334238
412.565181 444.997749
275.473325 432.438279
133.915494 176.252019
284.464643 516.992655
408.220912 367.508965
168.667096 184.351174
205.030096 362.082116
305.518370 199.755232
94.428522 338.190956
323.527565 143.580574
180.237972 467.295314
357.473366 408.004363
155.919997 265.334744
239.420443 301.173855
420.203020 363.296116
329.863456 493.177241
123.407672 216.705247
143.849671 315.974174
206.278880 277.764222
375.432814 476.589630
222.013610 96.281797
89.739857 249.744640
293.191664 451.108154
196.891086 106.595941
243.369007 143.363513
312.025292 467.520722
252.207176 290.286724
390.116629 482.283504
210.238845 146.048345
298.734331 155.351862
87.175936 297.079716
240.063614 235.120051
121.494714 426.168059
227.037728 377.021205
428.504989 370.856506
157.386202 250.802033
185.435018 367.926100
200.515574 383.634202
508.147392 257.121513
271.386336 262.588094
340.800235 335.297584
342.444288 472.300222
408.671343 426.369192
254.537892 177.270359
356.732094 116.251731
257.071192 391.671339
245.199898 198.921627
234.461368 483.395384
251.213523 89.898991
410.152196 136.866807
302.784314 318.230432
104.497433 222.902509
372.165479 486.479228
472.664608 230.933113
510.824161 360.264208
367.581301 281.217270
260.998530 130.270890
201.257331 235.112308
443.194061 355.617464
129.658807 310.521607
330.856915 153.894292
404.384966 198.934255
163.862783 173.068200
391.846424 449.801505
250.177985 408.453293
439.389793 222.315813
185.436215 418.920659
245.860737 394.914984
403.163669 365.581017
337.682563 127.462102
375.834631 154.034922
212.033647 207.468835
99.714780 367.678739
413.132265 164.324374
159.264319 172.529922
372.697391 209.647744
368.688101 187.782119
458.557538 301.697635
287.238428 389.556414
444.416964 389.171916
315.043634 298.520139
309.989968 189.909308
186.376033 479.805348
374.130292 310.677716
255.841944 345.438775
138.619841 188.444029
470.632493 279.605840
240.448178 154.325246
93.888475 254.669638
169.892800 361.041161
215.669120 231.951324
179.636344 413.937118
324.929348 344.767953
237.974582 458.727931
357.691604 378.422182
211.089553 219.092405
188.875557 468.084154
371.705318 408.414678
259.541888 367.744549
232.293264 106.380638
310.715252 313.273561
122.359648 172.222999
286.950680 403.000630
306.900359 338.298077
401.420682 310.582849
276.182620 478.916145
167.531622 282.364199
275.051188 471.255949
109.649595 258.927981
288.182325 388.059675
396.290469 408.831726
93.487399 373.672221
177.125518 325.863196
200.843066 129.296690
147.918542 343.294995
259.155092 472.045132
437.509587 356.740447
326.652071 119.145901
206.896506 165.387588
333.904600 473.099227
286.300962 238.419535
177.822457 379.815469
137.231471 326.448554
163.019039 246.079618
386.632554 388.851947
472.377603 191.518309
486.526289 214.036708
474.364666 252.196371
176.832751 288.959466
158.674342 200.586141
238.313926 210.466490
435.571467 352.952360
488.642203 346.561303
454.519267 243.575430
120.146961 404.851038
117.385193 306.699434
419.241932 296.638100
268.757505 210.785522
266.033544 368.118772
430.042844 365.387639
352.011031 281.902734
101.777173 353.335615
236.586000 458.837188
474.762165 385.163149
377.749844 389.441561
240.473773 299.129295
374.896072 398.892180
107.442162 372.904566
392.719666 446.056578
509.583194 263.673075
337.203288 452.730956
320.241008 136.942687
419.535624 191.976348
353.205579 181.882510
360.365596 470.287331
182.805818 213.148960
348.272267 141.341062
120.116175 225.304283
270.985490 157.903686
466.481347 331.427123
444.196140 345.773723
254.183628 208.754216
224.686461 368.323089
286.781941 342.128801
443.985850 403.422474
219.475755 265.903398
327.418051 284.069321
107.198618 332.216209
180.559523 232.698841
380.998793 323.650182
234.788182 421.679593
407.493829 250.806585
397.956112 255.632207
331.663945 210.245602
181.656353 127.643151
219.897872 406.404782
201.214324 160.468141
87.141533 298.690238
468.141814 386.031225
281.517979 298.952324
323.947957 457.683060
432.525826 292.225165
279.770658 272.133782
297.297455 427.991300
320.185297 457.258783
256.180423 483.198894
138.585696 162.952058
492.461418 313.405936
175.409524 266.163076
308.669055 446.521130
216.046458 191.594647
307.318798 113.034093
279.873775 254.918323
192.283524 310.062158
187.440027 430.937652
227.229909 214.063067
489.079938 368.692822
160.562369 194.778346
337.426990 474.705914
166.736136 246.171904
380.909021 247.038247
207.976519 383.640670
263.878781 99.002370
178.365296 145.227531
470.156696 321.849249
85.861401 302.579143
118.856483 316.361070
311.093418 397.828571
321.194026 197.966838
261.508540 340.173360
471.584682 330.390680
364.834450 348.026948
436.014235 339.334512
315.878525 224.845380
454.148070 149.220779
143.840434 277.884732
289.907065 473.101654
196.313640 345.382492
343.188204 158.893043
331.451052 347.041361
406.012071 343.524737
331.700267 328.815595
471.155290 384.952390
362.207353 488.636754
319.504310 134.617520
267.246671 151.431756
161.584812 228.170731
318.700356 354.809868
130.790309 214.237759
175.742936 197.260930
320.744138 290.000439
336.592353 135.051817
333.726860 312.524047
373.098046 429.551325
364.459115 221.335064
234.646136 418.140027
378.490067 493.780964
363.413669 213.974270
486.389000 185.491572
278.912351 139.864875
248.664875 220.766126
258.352924 500.423633
375.676797 431.683128
395.418414 323.688251
476.849487 274.214886
420.828329 430.719682
345.215976 407.336142
211.806021 495.716687
404.662023 339.970391
419.943323 116.435289
339.040111 248.532304
438.049759 154.522360
403.911519 182.720260
187.222843 294.566070
226.212859 223.511630
125.686394 420.585712
327.632129 270.975258
376.738132 338.598957
459.629587 226.735056
340.356451 229.369505
117.588132 304.849779
479.463202 247.983657
265.711018 440.871054
408.682564 431.482350
99.628828 373.577095
230.798179 462.976693
371.731575 374.271906
105.586598 401.452680
486.938729 383.837410
266.056348 181.129030
446.119963 354.143092
148.737083 349.873152
236.230025 189.272380
182.223149 384.478638
356.959988 245.602989
349.547454 369.783063
217.620821 190.231422
247.128286 291.305637
221.667667 229.860687
239.274625 326.623473
326.870581 156.174813
177.189490 194.497576
219.154625 332.624174
216.411270 327.850581
413.697930 469.907852
228.956087 292.353200
239.027067 273.386315
172.979211 303.924864
146.824909 377.144269
272.164652 508.713885
243.329221 391.468381
343.474789 106.543389
474.504722 280.601063
332.720911 130.035549
270.740653 408.226988
395.789073 481.879481
396.795124 120.839578
260.888768 436.906152
214.764326 114.750922
282.582912 174.244301
287.917300 168.802536
251.556024 217.999629
258.146412 158.308201
335.137473 422.649693
410.237597 470.199703
199.700406 265.136782
384.778222 204.571721
97.607833 236.878600
488.792935 232.954814
369.904050 163.655365
270.004331 88.147813
260.534056 314.544959
380.120993 393.422405
508.744484 333.088249
220.124206 148.248264
84.291311 318.659606
251.558612 482.745964
449.520014 177.689240
124.663372 190.905260
116.822783 299.104847
218.631750 462.858668
436.384055 184.132980
437.802173 438.618898
164.494976 448.037646
497.981501 278.554926
116.202646 217.035824
516.861162 324.229836
404.248343 464.512726
497.857958 372.245733
472.822867 435.483707
339.950221 333.953005
309.410942 80.837752
444.458201 419.516564
172.437229 398.643900
383.381457 119.063346
396.946157 133.173493
117.949029 280.310467
231.605555 388.285252
172.690515 292.194218
362.804369 298.887914
390.271660 213.176208
314.911394 243.581997
378.803907 181.890215
294.407150 247.366291
203.223652 398.117292
404.772138 167.991620
211.958600 172.037983
285.234548 462.204718
213.941733 316.861861
418.752945 451.666550
341.617062 444.635843
180.250570 185.552780
337.678268 399.053616
242.032116 480.157831
109.590671 280.094790
276.328725 483.244337
153.847379 397.036189
288.071646 123.676770
409.480540 380.869760
382.589536 453.434905
490.256932 331.631592
501.709618 364.948102
273.400235 82.349254
360.883182 393.721792
335.805866 332.174620
192.421489 319.489787
237.903037 465.760768
347.108578 266.548907
506.648120 225.846228
243.224879 434.742984
245.757648 356.398066
358.460420 265.294097
307.425735 417.020970
449.794290 313.836818
421.572436 383.284500
144.067836 259.799551
129.953060 370.895726
253.957315 510.241410
118.786377 242.261145
334.059741 278.601394
344.893920 510.760874
233.580208 284.772674
353.182253 512.120493
459.758529 368.418050
279.903241 93.484157
459.348411 419.375405
283.579389 518.247303
149.025590 325.772227
153.252563 389.630216
231.219941 352.493227
407.219444 404.825206
346.956617 186.898585
174.496188 191.201884
172.366976 220.231866
449.257805 352.515240
435.638393 196.320479
127.514582 266.395439
294.291673 333.263280
432.834001 158.972252
234.461298 454.769793
186.138734 141.776355
120.661722 183.340062
500.958752 327.895544
126.776746 399.761952
437.333639 211.753686
136.064118 197.057796
204.668886 235.627260
317.200995 353.561906
227.191596 358.333255
216.451225 477.267840
249.483799 193.400188
411.026864 281.042683
266.039004 278.709440
160.224326 207.365353
198.360617 163.600147
456.347435 148.465806
213.491276 430.325824
341.526998 250.539055
147.049332 278.349870
293.380075 432.003180
185.890654 485.416848
361.219488 191.763268
434.191400 314.048820
474.165569 319.445513
238.511610 389.049673
191.494592 251.689543
155.627124 377.309657
394.103933 477.071750
305.402532 421.455776
180.789701 429.051786
372.779616 473.760494
358.333538 184.382271
309.979427 452.808879
257.024647 130.947231
323.702791 109.975625
420.416942 453.374806
332.670210 409.381166
330.503345 342.853915
317.773110 388.012101
318.477186 112.663798
235.649555 300.550506
448.705479 192.550151
437.442316 129.421118
465.258726 382.469679
213.206073 475.269387
468.769926 260.110301
452.689282 430.698941
327.713367 87.854173
405.797388 225.927948
266.124181 122.846685
263.820790 357.799829
417.335792 282.913269
323.304773 360.730269
122.509996 224.158909
458.148986 193.037608
421.386926 428.277750
120.635874 348.869009
272.937891 253.869460
263.276052 291.688029
194.804328 244.157849
270.476029 357.802377
465.451057 156.075201
324.190797 103.897097
334.029957 298.383513
173.263451 205.669792
104.678710 230.942676
230.835993 396.755515
140.172275 392.475475
374.226738 260.953700
407.546330 276.504479
447.842097 357.241867
140.104080 416.264008
413.277005 314.422330
365.757065 351.733334
434.373241 389.495349
227.736085 253.545123
139.002398 162.964112
458.342912 450.952155
421.010810 387.785137
350.680832 159.584607
221.779924 307.126647
455.889344 296.814264
218.358970 126.974020
515.701738 322.253783
400.912516 398.002895
307.460937 188.678614
169.909414 445.989579
399.372508 423.317539
327.370992 414.357721
375.073958 145.674964
386.793724 324.001618
285.598859 122.709523
280.447630 476.534265
103.681401 327.021730
409.952124 411.862742
205.571109 302.113484
186.860553 233.865371
137.512396 411.266758
480.618973 177.781459
118.968950 336.567996
429.622800 303.813536
89.264914 347.775055
360.801932 346.731353
195.585919 153.450608
204.870961 178.991491
318.254718 489.226118
342.717074 473.977412
377.566159 163.334558
261.369452 503.641362
479.482944 315.033171
386.128137 171.118626
156.446206 204.142262
216.582176 488.155076
436.308750 459.122232
439.061883 370.972379
183.026187 466.328531
157.836960 164.042039
430.841684 352.960956
423.939158 337.135072
239.887929 147.970910
455.739750 261.296417
403.585939 359.609955
288.846636 242.143703
156.836715 214.467022
295.232733 351.682610
229.884442 499.766610
385.248535 338.919785
511.257602 253.792881
241.681092 313.198194
448.667775 441.816547
220.419217 461.216324
361.826661 401.655412
343.004275 268.427756
312.673106 323.490924
223.233285 503.195727
203.585650 140.484231
472.307168 373.497009
290.387674 137.659771
357.829966 171.904605
279.250042 158.995029
120.514930 311.751958
239.984831 160.826523
259.462797 193.915581
393.707909 148.063303
365.467055 476.980456
406.860076 484.435878
200.752751 460.216517
204.085344 409.240624
317.980640 313.703528
126.306358 313.265983
257.814917 375.035511
242.169195 119.022531
402.762102 383.862656
325.033541 371.282214
381.063778 102.813919
269.358581 270.823799
386.007757 494.633531
484.631105 201.250249
337.883626 197.450635
115.215835 213.191229
206.963545 151.099824
269.136112 381.560807
304.670169 327.766303
439.175187 196.888950
222.693343 224.713116
318.460951 117.742217
210.703243 103.386688
434.038044 292.543106
178.047736 476.891977
374.610289 446.155711
382.363664 252.520955
201.361452 361.343786
316.047274 341.023851
313.473622 143.367672
470.548203 236.718385
169.053417 173.862890
422.029466 216.021987
283.757071 279.338308
301.869477 128.930144
502.785701 228.255660
406.592943 195.271888
387.257869 396.071098
408.181126 260.908751
352.437555 401.989870
409.042926 361.733311
286.934642 203.957613
469.624962 380.722704
474.411216 312.111222
112.473632 239.960479
344.170496 375.045073
221.823492 491.323535
449.384927 148.651912
486.463844 350.548821
298.467351 120.431889
187.276687 162.614309
423.902858 274.816493
395.107138 426.795123
250.749886 101.308497
431.809492 358.314865
215.511819 491.795983
134.161007 253.895958
267.291062 409.621196
310.262739 86.068655
475.950877 228.682518
281.407379 156.490874
93.587068 283.679355
171.617815 395.688515
207.373349 415.797556
336.037158 410.512311
160.021344 297.413795
355.087552 455.179877
164.321758 301.161795
191.045783 199.388761
254.784188 223.922440
341.245713 153.143534
93.635517 282.790447
351.055827 177.890667
395.856513 363.321653
379.952273 496.851849
248.531866 118.115717
361.008429 114.733117
342.026685 367.635540
213.272620 144.862025
349.020739 450.228682
128.345172 305.096423
346.998100 501.629572
334.484828 324.657043
245.601855 239.325513
212.050590 110.263376
421.620670 116.782966
323.466746 515.671299
288.443025 396.020352
295.605481 167.230861
123.304662 348.082354
350.371801 244.099892
315.298063 132.842144
435.767602 204.259558
366.103314 304.644002
89.708157 310.996808
343.099813 208.587873
363.026233 329.198322
441.272627 423.164611
383.656282 353.098333
173.276215 220.563088
326.087043 262.982452
143.942501 213.094940
467.788660 336.006224
298.334823 235.112492
297.664840 81.218458
485.980862 310.489391
415.865493 384.012985
287.696789 158.778821
235.606577 353.716338
307.101176 245.067777
499.266849 247.144302
161.836147 326.229729
111.128117 395.546320
247.986108 192.488529
284.640109 253.628088
226.142701 284.829797
284.779085 509.330221
465.731527 368.724331
181.343907 361.716573
470.230591 370.240308
111.326330 373.834594
292.973907 445.529135
210.996436 390.621464
372.982595 222.876970
289.143027 245.759338
260.211816 237.957455
249.904209 182.640437
259.595913 482.801027
450.405319 218.619159
391.587097 281.838960
250.651871 228.951786
444.345061 443.703786
299.700300 292.719882
273.201615 305.865219
175.752825 464.554943
230.212785 401.012478
310.049217 143.670335
121.412236 425.112987
318.928696 461.935388
445.437490 254.219037
343.044911 209.894620
336.842371 323.880722
264.863105 89.041634
305.927803 489.377806
440.688829 185.821928
371.021530 435.705134
428.654301 293.936935
177.689744 201.160967
431.116266 430.616445
275.279014 354.817887
256.795095 189.833120
341.065538 511.651050
398.478042 142.703093
422.539065 151.886612
360.418851 296.953570
216.180474 254.291976
346.192849 472.524662
485.291598 258.803294
354.533323 495.779030
429.267202 324.570093
197.357333 369.095759
411.003605 398.532434
288.863266 501.359853
361.264286 221.128010
235.891785 138.019517
144.819133 358.046592
165.582193 389.123100
336.817963 312.336432
485.038358 350.850712
263.853425 128.200848
185.535806 453.204318
266.639509 456.381114
498.387894 312.503091
396.224897 220.950699
296.373783 457.848089
514.337022 343.219187
247.232209 438.366712
178.300109 276.978284
204.107674 109.890826
103.707495 258.908174
228.709395 200.376799
169.770302 179.635892
310.074479 401.977044
305.223559 483.015747
416.859177 216.901537
166.883469 223.277757
469.085835 265.938001
288.739876 153.583177
124.447730 360.139035
208.863361 129.310955
341.229099 362.593443
356.562707 374.573624
206.924164 443.225267
379.191712 155.218833
396.440780 469.596554
474.794281 282.490617
290.340255 314.183102
210.513744 321.481508
247.725457 334.149997
301.221175 243.080204
497.586036 285.369324
403.561225 356.606692
395.409384 418.167044
457.788974 348.676648
188.074965 208.315688
294.585000 346.220699
398.940144 405.873011
191.406505 289.040314
436.100596 437.757554
302.715071 384.315182
505.081886 228.052072
425.309211 446.320480
92.518438 259.631666
290.553886 488.331503
262.313701 213.566080
466.090665 246.184764
190.209577 171.421645
305.797718 177.891423
119.750606 251.415960
423.107752 387.241314
433.313941 181.057656
418.515765 152.994105
260.154089 224.905461
416.522206 416.096949
349.076808 218.908151
159.164303 266.702796
209.188139 110.129573
324.441888 433.005618
447.921067 363.238170
287.633598 109.675600
337.637730 352.583319
275.554776 86.971323
141.977429 323.631271
305.550743 405.010650
