316.736113 300.115947
450.121348 332.860235
160.599429 370.220157
367.494487 438.887078
478.506382 340.433440
375.849215 231.916146
386.620050 342.522173
353.940524 475.252646
451.090787 446.053223
350.719602 237.560063
177.721450 333.081319
415.177303 477.998431
499.859045 337.568528
414.783125 136.865892
225.305728 470.313295
128.679003 247.570507
238.519885 465.524534
133.567431 266.743399
380.054504 181.299206
281.385503 167.615807
331.603218 461.144156
153.994263 390.841426
137.325818 435.335618
278.898834 379.061776
112.362030 229.254758
193.732391 402.065349
285.585247 490.680222
464.040040 172.915183
352.101650 93.655130
492.935624 259.508964
417.870676 434.692042
391.930519 326.003260
438.332576 170.292646
410.953274 310.332708
428.913487 346.847771
214.996600 366.104384
304.477651 282.213294
180.331962 177.790655
380.580079 270.836024
238.015081 257.968657
400.526863 491.648283
424.099657 371.232656
337.515768 227.797934
235.134994 127.558930
369.758083 211.094160
178.062430 259.525270
475.384540 268.347113
402.763322 366.593171
310.129136 96.985953
235.664285 401.147763
296.248002 232.905002
374.869808 433.665361
477.865443 356.883417
382.334612 459.414257
467.500417 366.238952
337.148956 282.526714
111.564618 215.036896
359.593602 467.366657
283.340023 239.364827
385.235871 325.321604
439.590113 255.711252
463.072507 223.645568
321.517449 308.608645
249.860457 484.221868
222.135238 111.400332
153.956600 363.658441
289.564167 149.780357
431.314488 198.481532
267.729818 126.401441
283.116829 429.031150
255.036760 311.506080
213.903275 266.092410
275.345471 470.619467
270.647319 156.226597
163.934149 347.547902
265.718743 289.733809
325.373413 90.936563
513.859938 326.145448
361.802860 150.761311
235.612445 460.821937
244.388502 488.736202
367.103314 288.804611
124.599219 417.108579
276.980850 325.375506
326.028619 475.178525
368.956868 433.452657
152.012440 277.401606
401.444845 312.678460
465.622670 192.332628
335.867129 101.104515
256.733492 203.902076
432.085812 148.455860
484.373761 336.481067
254.795162 260.243354
303.091490 420.695947
391.457140 432.412307
195.705363 269.931129
326.720157 507.533818
233.622007 349.619114
295.651846 463.104497
