456.456183 358.312575
353.151861 215.942777
242.986036 416.679028
238.621454 376.490118
251.783646 357.410149
332.319990 423.111507
276.969230 477.141314
308.982131 291.190429
235.220874 184.544569
172.903447 401.727009
302.868491 111.549739
384.789504 394.105208
201.871929 292.942600
394.061873 462.579491
146.015994 309.145156
360.202169 485.762294
317.327281 245.985909
242.195258 504.581516
445.723395 228.029050
267.676583 99.028194
263.701297 211.508551
111.349829 235.080988
174.557113 427.433594
329.791206 216.365543
137.144388 409.970335
137.520171 187.857858
315.626436 400.558573
131.614187 179.406719
115.948941 304.159495
210.361205 448.975553
275.685913 142.006930
387.267791 240.382589
256.766318 144.557245
354.255997 457.922246
403.703086 474.146190
473.834196 222.209200
204.951814 344.816185
182.271727 467.899618
132.964532 349.035402
153.525871 432.479120
327.273648 357.194676
184.674183 240.670236
325.746583 469.604713
297.416879 216.596346
89.519525 254.559612
400.508576 349.576966
144.135293 236.230865
431.406947 459.099796
347.710454 243.533802
251.529346 244.744859
343.264452 494.892066
233.717412 471.059700
234.924111 287.210843
211.453976 260.855752
419.001652 407.058563
333.442347 474.380870
374.029131 356.419209
397.125561 318.213845
327.488268 255.447137
287.099888 476.361496
411.758459 336.481983
226.107209 115.948061
393.451387 461.515575
268.597347 167.283634
361.405992 289.984225
488.647299 256.976743
379.000335 281.157786
442.211408 133.140045
501.031886 343.421822
352.021737 97.692262
294.701363 325.814384
83.462759 262.197872
314.420110 238.608190
476.852847 371.171039
421.916657 320.457842
489.967600 220.241848
219.391613 144.791154
375.100810 390.941733
513.658726 340.673816
453.915409 193.747709
455.635781 406.663824
397.708475 153.994339
357.581293 310.215880
483.583302 189.451010
331.417271 91.524951
234.001687 244.312599
131.364005 238.912209
247.138150 289.960200
101.826958 355.436856
198.243793 108.688417
330.728372 412.526506
377.204267 335.103440
250.755362 348.591794
367.170824 109.097402
278.384306 293.258849
372.339167 348.400291
132.691737 393.478213
375.832348 148.273904
201.735006 299.870109
235.987985 255.873125
206.908350 164.625356
350.736604 505.160235
114.914924 404.071353
453.709921 414.071124
238.298165 142.184800
174.639393 456.936736
364.440953 190.955350
265.024589 465.405818
212.511700 454.153182
339.105508 108.956335
365.223772 356.405400
305.801663 492.248534
283.391474 382.281476
228.435679 253.889723
350.738458 338.449930
404.733643 371.632293
424.858108 289.498401
237.648004 392.858868
373.768910 235.335756
462.619956 241.094237
436.604939 359.185368
221.197482 165.799178
350.648620 446.693865
409.454132 381.799145
421.972485 331.246243
135.977539 345.487235
444.700193 361.814902
145.965512 422.090973
388.967364 102.562143
333.863673 427.598067
320.792855 482.958009
350.583614 223.656443
364.870687 455.446740
136.495494 266.684321
264.546620 448.074493
292.637125 471.742269
323.139743 334.112817
407.792628 157.601805
362.586588 378.331610
198.643860 229.754437
332.912576 167.474350
272.017913 450.495521
298.192388 353.575704
331.321101 231.540285
474.676061 358.369390
474.210014 235.314615
306.052473 266.722839
456.436888 292.510870
341.409045 131.853285
134.409941 162.791768
217.859954 311.197605
290.850655 333.310861
207.464449 443.167374
243.306551 194.450448
394.278196 469.580743
124.094822 347.372493
286.291608 459.869034
148.957779 374.709467
369.419012 372.188375
155.855433 432.349344
102.114678 268.430420
413.082144 130.745394
97.630610 368.088757
355.809516 296.282334
230.508466 355.078655
288.430696 156.568203
241.767588 362.263842
229.717655 396.538131
370.776686 464.563887
424.848893 140.587973
342.898144 378.639529
339.768724 120.387441
150.605822 381.082595
403.323214 396.218612
342.003746 218.781453
354.701718 94.321416
205.770905 287.643187
127.942708 214.170579
164.319734 296.789479
330.077516 450.729274
363.296501 174.310067
223.212876 236.649709
211.234528 264.533174
329.558721 368.881288
350.817046 427.139644
270.078581 108.949653
397.607769 133.872917
115.950696 206.818022
494.539162 227.837650
191.871793 181.119380
508.080277 350.439900
353.509806 383.196677
91.185447 243.897397
330.604967 479.238208
246.203175 349.245057
234.744785 410.999407
199.112024 423.344118
409.222827 401.156627
367.166518 333.153996
274.566858 158.103943
194.089887 423.174869
307.813443 163.398140
240.870857 194.271513
337.276667 285.567779
172.067875 441.419984
274.201774 436.231647
298.777283 222.825168
125.653048 220.763494
201.248200 398.073371
243.770838 152.439501
201.318234 170.055361
247.801282 164.967190
197.116477 320.419633
315.814425 81.071605
290.217057 266.336730
351.080103 287.967566
188.188998 410.744566
307.620206 135.081973
411.954616 443.292120
325.605284 244.317567
480.867637 354.993530
289.097152 103.257927
317.867984 177.880836
285.199771 397.789939
334.901407 289.796142
297.455900 359.990390
447.525549 164.099141
459.642551 163.981731
484.258006 301.912080
223.871311 259.325708
323.378080 509.131480
152.397440 430.999324
311.823021 445.262710
322.380153 253.523947
301.733306 224.237554
274.612196 343.566366
147.364793 268.530964
387.892235 213.149633
270.240494 173.213712
452.268438 174.271643
140.499827 365.916595
357.719091 170.295326
285.663725 296.934146
240.261134 265.401102
435.706341 149.828166
155.933864 406.844622
416.653569 234.906607
212.150216 115.747752
310.762983 413.759696
128.782957 265.977422
419.680944 368.800996
132.760726 164.999327
145.432462 389.445052
192.999215 216.079905
186.105001 304.660047
407.191624 440.316401
415.924984 274.082766
280.060652 144.955952
191.061621 408.791758
383.813633 466.068631
321.839005 284.090430
394.259752 250.305134
481.144939 282.579541
389.104206 130.087843
264.694963 239.252996
113.204154 375.422969
459.047840 333.780677
197.694389 187.564961
470.213844 255.341564
305.701486 241.779427
448.705740 440.403118
404.723295 146.601431
332.038114 122.518393
445.835763 158.720158
514.450850 328.262668
421.003775 376.849093
229.218090 286.076867
172.670895 463.863568
198.839443 161.340410
509.341647 297.140391
96.382841 216.882816
299.875416 212.347068
127.316115 421.968012
209.758490 297.449298
467.237932 423.407717
187.607300 200.498162
228.008562 141.402550
352.076669 278.730624
355.155849 399.757962
465.868142 397.230807
134.460313 242.637124
377.866589 314.024622
496.795918 342.883989
114.965158 365.565665
311.541742 415.479837
285.122186 89.968812
322.401982 488.041712
244.720902 103.299596
256.162715 272.838917
207.937208 240.561739
476.620573 404.394240
409.882853 207.828651
345.118075 417.426094
149.245320 201.771930
502.504663 217.712428
106.228138 329.650115
156.595021 154.881843
152.286143 448.790790
308.834029 336.316839
110.369495 266.602085
130.623908 434.152158
405.317537 357.021454
144.056012 365.959253
384.660481 161.665148
366.282703 229.218059
270.522410 418.345983
281.561066 383.622706
453.095129 313.793447
398.359244 401.674397
367.337565 266.924587
125.095516 358.560454
340.291826 323.513936
187.352753 171.654049
367.307198 332.778891
144.662643 325.388629
280.742305 174.668044
454.194741 233.694955
172.389402 244.136444
473.976658 337.982631
378.394947 389.005803
342.089108 430.301665
286.409371 295.796182
182.602700 290.719452
323.483511 453.600645
179.541535 370.077587
317.968437 457.789194
498.686283 227.427964
256.710014 201.818797
320.762155 107.893169
489.747737 315.147925
292.883601 242.170292
248.847763 174.742529
245.717515 457.686008
412.062536 285.429549
333.250880 256.020012
347.457276 465.344652
377.538161 425.854724
442.622788 408.204505
157.147510 240.078805
294.193472 504.909524
469.120523 161.411762
246.402085 389.939665
359.027087 224.278630
451.167020 221.784255
440.015666 152.426637
116.133886 270.000606
362.760927 448.511791
496.717674 314.189252
466.545980 222.927695
295.727991 477.164098
469.058637 395.046155
327.564892 132.583603
227.586320 454.557100
365.239838 315.008063
110.949759 252.753319
428.443164 175.302102
340.092141 235.813017
118.703463 251.803409
119.531128 345.416725
169.857694 342.576015
94.943859 369.116967
464.454569 418.742013
375.024563 227.837720
482.732896 256.128022
309.522146 379.039300
214.516434 120.291690
233.265189 482.367669
92.837689 285.466745
139.539692 168.061874
334.848502 195.446353
349.024832 189.184160
339.928448 108.152512
508.588216 263.728194
358.825929 392.060469
170.415069 302.657346
283.994124 487.421402
431.478598 195.966220
166.257061 449.655179
289.005373 141.851214
274.545091 332.838502
363.436156 401.195886
389.110674 475.989447
380.898496 284.580487
269.995866 238.595640
118.477692 422.016950
454.805144 370.521344
346.401520 431.665226
296.215218 418.891226
230.992391 498.823554
259.936068 285.206865
274.003026 370.841344
305.949196 478.078849
256.004149 247.871062
340.812174 195.342649
148.444387 303.074326
445.087110 350.514531
378.270544 356.291427
172.222627 135.328605
354.234692 154.836888
87.219507 317.275817
184.030722 214.957396
325.997107 395.160554
399.590393 374.804437
177.510528 333.426010
181.490163 254.626699
350.776849 440.315116
201.583584 337.484982
418.731757 465.792402
172.790864 448.553703
150.523674 151.490219
261.566440 470.232966
272.916680 506.213467
409.816802 150.252136
188.471625 395.722108
215.731448 325.134345
360.887544 454.103789
426.856629 162.781832
430.259484 387.169625
167.399563 190.461616
246.526345 288.476970
250.319374 370.153103
110.383592 399.797621
320.725900 266.482885
388.326679 269.364811
232.491500 401.619163
304.702327 422.919556
465.059997 436.411951
228.467584 193.528411
259.812297 384.208956
437.468285 471.475809
271.570980 266.777256
255.575314 249.665902
117.336641 302.286097
323.746789 217.972820
234.319619 113.509659
222.612289 378.656045
212.204975 149.492700
292.501414 265.661437
311.438382 161.755675
358.047608 121.661767
394.886832 442.038494
300.286687 254.759638
185.444465 428.018284
461.115488 437.294079
356.757668 476.637682
370.972194 108.863078
265.388999 331.807432
292.251456 390.246245
468.632402 296.055421
316.894900 461.499654
267.675704 499.359993
350.459193 103.596282
465.572115 162.265902
208.533751 195.846926
471.838045 203.930747
147.953615 185.113457
311.206055 401.688930
202.970677 162.441598
188.057534 223.699134
352.940893 288.043006
225.946577 218.227634
231.322669 453.267543
94.330476 334.875275
314.975195 119.949051
264.098379 271.564395
198.399679 308.120316
358.431223 193.259860
439.164513 326.167184
433.795541 354.649080
294.032183 151.898346
249.520330 144.760516
245.825900 334.426361
212.137355 286.212782
281.008719 211.290751
324.402455 430.711263
193.548622 376.590635
245.766540 395.426862
130.440372 269.616935
248.969062 320.634627
401.278475 447.005856
270.259712 332.269289
337.787904 269.887764
282.391999 495.360194
444.238727 248.035143
482.191784 307.965482
380.855645 295.328443
287.105725 413.667143
181.709059 375.612176
382.265258 335.385418
427.711393 400.576511
