315.444797 308.823602
326.351572 327.890338
342.987778 274.464069
290.735024 335.793349
265.487203 348.775433
340.385796 321.134113
309.356354 262.458700
266.028716 282.117202
294.212361 254.467665
326.516943 275.798343
303.035648 242.868712
334.726622 260.233833
257.791135 323.761995
313.546151 306.652336
322.072323 316.692639
301.904874 267.182620
256.266130 313.624476
356.919141 289.490196
276.175209 298.131056
294.074045 241.372705
286.079629 349.124458
309.067460 254.184879
286.646147 354.258551
249.476238 328.164042
314.456886 326.654210
271.931780 264.104829
246.175137 297.399071
293.985538 249.166382
283.457332 325.088998
333.364836 318.322089
265.409285 333.031618
265.075564 273.723116
294.521511 332.080996
296.620414 279.572933
338.076922 264.355662
320.380612 337.615839
303.974100 315.915495
303.646239 339.020220
260.902792 255.285578
301.709107 258.478038
254.869858 264.679752
267.276677 335.414549
298.712665 326.770696
301.036662 323.878747
315.879288 294.531396
306.489785 253.208050
262.668244 259.211309
292.851511 276.437849
321.217231 291.314847
290.691820 241.019196
323.949147 253.393160
315.197104 324.796278
302.093197 316.200575
319.851842 306.070993
320.596247 336.126528
282.409379 309.874121
345.272171 266.180098
340.006646 277.011417
278.600618 276.069257
330.063887 301.164205
281.693000 287.110191
302.954495 261.070220
280.660152 294.168496
294.974053 320.174871
248.625347 323.275188
303.184204 255.109183
329.023427 315.242306
302.067399 306.324830
275.804995 264.491112
306.775956 319.509936
270.397223 260.713390
262.385357 276.075549
242.043057 291.985742
267.558892 261.879000
260.819167 269.239904
282.363743 255.802744
277.168356 322.162020
338.422707 329.339263
279.419038 248.835265
326.451894 308.004240
322.810920 279.702670
274.442856 271.618146
352.241630 321.113800
343.777940 325.248118
281.751229 312.534494
353.142987 317.907421
320.116909 263.225084
306.576001 272.834560
289.094793 326.811116
305.983835 251.175886
330.019984 248.389591
251.045864 273.876620
301.081257 241.552175
339.802211 268.474148
352.372454 303.871466
350.017278 306.451541
329.826708 261.990065
315.845817 255.140997
331.921335 258.303800
282.243540 349.734823
256.854444 279.496533
282.440851 293.671641
345.565335 338.914822
294.225469 327.740989
336.830485 314.499356
331.370840 279.089742
329.649146 290.350669
295.204835 275.963805
254.135962 279.601391
336.009216 320.340571
309.523197 253.004228
347.677442 311.197205
296.111202 284.904658
340.742538 300.282065
279.909415 343.803585
265.060183 281.587734
259.717521 259.986950
312.357175 253.829515
255.725795 288.028413
309.277414 264.703904
312.637817 350.642413
280.344261 276.982737
334.382140 253.507905
306.031211 315.396645
285.500427 248.131224
287.846645 306.494265
266.116739 252.677828
287.318638 245.028415
339.917239 314.058731
296.352017 309.454181
259.114298 290.147220
250.342459 292.302024
299.080601 318.044133
300.764328 350.413715
260.271538 317.653290
286.633032 270.496940
303.770098 351.482716
264.137902 325.464460
335.451364 270.339852
296.013505 289.695990
247.302771 293.152948
316.900435 327.949528
288.264228 260.484163
324.756025 315.917326
316.706374 253.883849
355.071352 286.337354
337.304880 287.593876
305.628501 344.351020
305.343612 290.768614
312.068713 309.078927
390.000000 300.000000
387.172485 322.382090
378.867601 343.357831
365.607176 361.609240
348.224412 375.989513
327.811529 385.595086
305.651147 389.822406
283.135682 388.405853
261.679864 381.434435
242.631841 369.346192
227.188471 352.900673
216.320116 333.131210
210.709677 311.279991
210.709677 288.720009
216.320116 266.868790
227.188471 247.099327
242.631841 230.653808
261.679864 218.565565
283.135682 211.594147
305.651147 210.177594
327.811529 214.404914
348.224412 224.010487
365.607176 238.390760
378.867601 256.642169
387.172485 277.617910
410.000000 300.000000
409.132617 313.786656
406.544148 327.355888
402.275413 340.493701
396.393735 352.992904
388.991869 364.656378
380.186549 375.300182
370.116639 384.756457
358.940947 392.876072
346.835722 399.530976
333.991869 404.616217
320.611945 408.051598
306.906957 409.782940
293.093043 409.782940
279.388055 408.051598
266.008131 404.616217
253.164278 399.530976
241.059053 392.876072
229.883361 384.756457
219.813451 375.300182
211.008131 364.656378
203.606265 352.992904
197.724587 340.493701
193.455852 327.355888
190.867383 313.786656
190.000000 300.000000
190.867383 286.213344
193.455852 272.644112
197.724587 259.506299
203.606265 247.007096
211.008131 235.343622
219.813451 224.699818
229.883361 215.243543
241.059053 207.123928
253.164278 200.469024
266.008131 195.383783
279.388055 191.948402
293.093043 190.217060
306.906957 190.217060
320.611945 191.948402
333.991869 195.383783
346.835722 200.469024
358.940947 207.123928
370.116639 215.243543
380.186549 224.699818
388.991869 235.343622
396.393735 247.007096
402.275413 259.506299
406.544148 272.644112
409.132617 286.213344
150.000000 133.000000
150.000000 170.500000
150.000000 470.500000
150.000000 433.000000
187.500000 133.000000
187.500000 170.500000
187.500000 470.500000
187.500000 433.000000
225.000000 133.000000
225.000000 170.500000
225.000000 470.500000
225.000000 433.000000
262.500000 133.000000
262.500000 170.500000
262.500000 470.500000
262.500000 433.000000
300.000000 133.000000
300.000000 170.500000
300.000000 470.500000
300.000000 433.000000
337.500000 133.000000
337.500000 170.500000
337.500000 470.500000
337.500000 433.000000
375.000000 133.000000
375.000000 170.500000
375.000000 470.500000
375.000000 433.000000
412.500000 133.000000
412.500000 170.500000
412.500000 470.500000
412.500000 433.000000
450.000000 133.000000
450.000000 170.500000
450.000000 470.500000
450.000000 433.000000
112.500000 208.000000
112.500000 245.500000
112.500000 283.000000
112.500000 320.500000
112.500000 358.000000
112.500000 395.500000
150.000000 208.000000
150.000000 245.500000
150.000000 283.000000
150.000000 320.500000
150.000000 358.000000
150.000000 395.500000
450.000000 208.000000
450.000000 245.500000
450.000000 283.000000
450.000000 320.500000
450.000000 358.000000
450.000000 395.500000
487.500000 208.000000
487.500000 245.500000
487.500000 283.000000
487.500000 320.500000
487.500000 358.000000
487.500000 395.500000
