471.000000 546.000000
131.000000 137.000000
483.000000 171.000000
539.000000 484.000000
260.000000 220.000000
91.000000 527.000000
392.000000 519.000000
131.000000 76.000000
106.000000 507.000000
344.000000 357.000000
240.000000 369.000000
466.000000 294.000000
427.000000 216.000000
438.000000 54.000000
329.000000 149.000000
248.000000 275.000000
113.000000 334.000000
237.000000 479.000000
294.000000 222.000000
130.000000 284.000000
41.000000 32.000000
179.000000 460.000000
462.000000 230.000000
340.000000 58.000000
529.000000 79.000000
181.000000 46.000000
535.000000 25.000000
35.000000 503.000000
72.000000 233.000000
500.000000 541.000000
392.000000 348.000000
279.000000 548.000000
