398.000000 508.000000
466.000000 203.000000
552.000000 120.000000
32.000000 185.000000
224.000000 361.000000
527.000000 485.000000
518.000000 393.000000
419.000000 497.000000
219.000000 210.000000
534.000000 282.000000
379.000000 454.000000
179.000000 225.000000
510.000000 300.000000
83.000000 136.000000
215.000000 215.000000
241.000000 519.000000
48.000000 151.000000
506.000000 564.000000
368.000000 234.000000
223.000000 320.000000
179.000000 105.000000
280.000000 339.000000
416.000000 270.000000
416.000000 244.000000
324.000000 112.000000
305.000000 53.000000
81.000000 276.000000
255.000000 532.000000
85.000000 380.000000
147.000000 512.000000
368.000000 362.000000
467.000000 477.000000
79.000000 162.000000
208.000000 247.000000
361.000000 179.000000
436.000000 142.000000
52.000000 569.000000
506.000000 505.000000
202.000000 40.000000
403.000000 340.000000
547.000000 378.000000
513.000000 132.000000
370.000000 82.000000
514.000000 68.000000
153.000000 403.000000
377.000000 545.000000
561.000000 139.000000
175.000000 275.000000
100.000000 307.000000
380.000000 572.000000
91.000000 401.000000
317.000000 574.000000
183.000000 162.000000
217.000000 48.000000
453.000000 55.000000
569.000000 544.000000
509.000000 574.000000
332.000000 464.000000
534.000000 46.000000
371.000000 94.000000
309.000000 164.000000
469.000000 121.000000
282.000000 196.000000
196.000000 183.000000
