54.545455 54.545455
54.545455 109.090909
54.545455 163.636364
54.545455 218.181818
54.545455 272.727273
54.545455 327.272727
54.545455 381.818182
54.545455 436.363636
54.545455 490.909091
54.545455 545.454545
109.090909 54.545455
109.090909 109.090909
109.090909 163.636364
109.090909 218.181818
109.090909 272.727273
109.090909 327.272727
109.090909 381.818182
109.090909 436.363636
109.090909 490.909091
109.090909 545.454545
163.636364 54.545455
163.636364 109.090909
163.636364 163.636364
163.636364 218.181818
163.636364 272.727273
163.636364 327.272727
163.636364 381.818182
163.636364 436.363636
163.636364 490.909091
163.636364 545.454545
218.181818 54.545455
218.181818 109.090909
218.181818 163.636364
218.181818 218.181818
218.181818 272.727273
218.181818 327.272727
218.181818 381.818182
218.181818 436.363636
218.181818 490.909091
218.181818 545.454545
272.727273 54.545455
272.727273 109.090909
272.727273 163.636364
272.727273 218.181818
272.727273 272.727273
272.727273 327.272727
272.727273 381.818182
272.727273 436.363636
272.727273 490.909091
272.727273 545.454545
327.272727 54.545455
327.272727 109.090909
327.272727 163.636364
327.272727 218.181818
327.272727 272.727273
327.272727 327.272727
327.272727 381.818182
327.272727 436.363636
327.272727 490.909091
327.272727 545.454545
381.818182 54.545455
381.818182 109.090909
381.818182 163.636364
381.818182 218.181818
381.818182 272.727273
381.818182 327.272727
381.818182 381.818182
381.818182 436.363636
381.818182 490.909091
381.818182 545.454545
436.363636 54.545455
436.363636 109.090909
436.363636 163.636364
436.363636 218.181818
436.363636 272.727273
436.363636 327.272727
436.363636 381.818182
436.363636 436.363636
436.363636 490.909091
436.363636 545.454545
490.909091 54.545455
490.909091 109.090909
490.909091 163.636364
490.909091 218.181818
490.909091 272.727273
490.909091 327.272727
490.909091 381.818182
490.909091 436.363636
490.909091 490.909091
490.909091 545.454545
545.454545 54.545455
545.454545 109.090909
545.454545 163.636364
545.454545 218.181818
545.454545 272.727273
545.454545 327.272727
545.454545 381.818182
545.454545 436.363636
545.454545 490.909091
545.454545 545.454545
