19.354839 19.354839
19.354839 38.709677
19.354839 58.064516
19.354839 77.419355
19.354839 96.774194
19.354839 116.129032
19.354839 135.483871
19.354839 154.838710
19.354839 174.193548
19.354839 193.548387
19.354839 212.903226
19.354839 232.258065
19.354839 251.612903
19.354839 270.967742
19.354839 290.322581
19.354839 309.677419
19.354839 329.032258
19.354839 348.387097
19.354839 367.741935
19.354839 387.096774
19.354839 406.451613
19.354839 425.806452
19.354839 445.161290
19.354839 464.516129
19.354839 483.870968
19.354839 503.225806
19.354839 522.580645
19.354839 541.935484
19.354839 561.290323
19.354839 580.645161
38.709677 19.354839
38.709677 38.709677
38.709677 58.064516
38.709677 77.419355
38.709677 96.774194
38.709677 116.129032
38.709677 135.483871
38.709677 154.838710
38.709677 174.193548
38.709677 193.548387
38.709677 212.903226
38.709677 232.258065
38.709677 251.612903
38.709677 270.967742
38.709677 290.322581
38.709677 309.677419
38.709677 329.032258
38.709677 348.387097
38.709677 367.741935
38.709677 387.096774
38.709677 406.451613
38.709677 425.806452
38.709677 445.161290
38.709677 464.516129
38.709677 483.870968
38.709677 503.225806
38.709677 522.580645
38.709677 541.935484
38.709677 561.290323
38.709677 580.645161
58.064516 19.354839
58.064516 38.709677
58.064516 58.064516
58.064516 77.419355
58.064516 96.774194
58.064516 116.129032
58.064516 135.483871
58.064516 154.838710
58.064516 174.193548
58.064516 193.548387
58.064516 212.903226
58.064516 232.258065
58.064516 251.612903
58.064516 270.967742
58.064516 290.322581
58.064516 309.677419
58.064516 329.032258
58.064516 348.387097
58.064516 367.741935
58.064516 387.096774
58.064516 406.451613
58.064516 425.806452
58.064516 445.161290
58.064516 464.516129
58.064516 483.870968
58.064516 503.225806
58.064516 522.580645
58.064516 541.935484
58.064516 561.290323
58.064516 580.645161
77.419355 19.354839
77.419355 38.709677
77.419355 58.064516
77.419355 77.419355
77.419355 96.774194
77.419355 116.129032
77.419355 135.483871
77.419355 154.838710
77.419355 174.193548
77.419355 193.548387
77.419355 212.903226
77.419355 232.258065
77.419355 251.612903
77.419355 270.967742
77.419355 290.322581
77.419355 309.677419
77.419355 329.032258
77.419355 348.387097
77.419355 367.741935
77.419355 387.096774
77.419355 406.451613
77.419355 425.806452
77.419355 445.161290
77.419355 464.516129
77.419355 483.870968
77.419355 503.225806
77.419355 522.580645
77.419355 541.935484
77.419355 561.290323
77.419355 580.645161
96.774194 19.354839
96.774194 38.709677
96.774194 58.064516
96.774194 77.419355
96.774194 96.774194
96.774194 116.129032
96.774194 135.483871
96.774194 154.838710
96.774194 174.193548
96.774194 193.548387
96.774194 212.903226
96.774194 232.258065
96.774194 251.612903
96.774194 270.967742
96.774194 290.322581
96.774194 309.677419
96.774194 329.032258
96.774194 348.387097
96.774194 367.741935
96.774194 387.096774
96.774194 406.451613
96.774194 425.806452
96.774194 445.161290
96.774194 464.516129
96.774194 483.870968
96.774194 503.225806
96.774194 522.580645
96.774194 541.935484
96.774194 561.290323
96.774194 580.645161
116.129032 19.354839
116.129032 38.709677
116.129032 58.064516
116.129032 77.419355
116.129032 96.774194
116.129032 116.129032
116.129032 135.483871
116.129032 154.838710
116.129032 174.193548
116.129032 193.548387
116.129032 212.903226
116.129032 232.258065
116.129032 251.612903
116.129032 270.967742
116.129032 290.322581
116.129032 309.677419
116.129032 329.032258
116.129032 348.387097
116.129032 367.741935
116.129032 387.096774
116.129032 406.451613
116.129032 425.806452
116.129032 445.161290
116.129032 464.516129
116.129032 483.870968
116.129032 503.225806
116.129032 522.580645
116.129032 541.935484
116.129032 561.290323
116.129032 580.645161
135.483871 19.354839
135.483871 38.709677
135.483871 58.064516
135.483871 77.419355
135.483871 96.774194
135.483871 116.129032
135.483871 135.483871
135.483871 154.838710
135.483871 174.193548
135.483871 193.548387
135.483871 212.903226
135.483871 232.258065
135.483871 251.612903
135.483871 270.967742
135.483871 290.322581
135.483871 309.677419
135.483871 329.032258
135.483871 348.387097
135.483871 367.741935
135.483871 387.096774
135.483871 406.451613
135.483871 425.806452
135.483871 445.161290
135.483871 464.516129
135.483871 483.870968
135.483871 503.225806
135.483871 522.580645
135.483871 541.935484
135.483871 561.290323
135.483871 580.645161
154.838710 19.354839
154.838710 38.709677
154.838710 58.064516
154.838710 77.419355
154.838710 96.774194
154.838710 116.129032
154.838710 135.483871
154.838710 154.838710
154.838710 174.193548
154.838710 193.548387
154.838710 212.903226
154.838710 232.258065
154.838710 251.612903
154.838710 270.967742
154.838710 290.322581
154.838710 309.677419
154.838710 329.032258
154.838710 348.387097
154.838710 367.741935
154.838710 387.096774
154.838710 406.451613
154.838710 425.806452
154.838710 445.161290
154.838710 464.516129
154.838710 483.870968
154.838710 503.225806
154.838710 522.580645
154.838710 541.935484
154.838710 561.290323
154.838710 580.645161
174.193548 19.354839
174.193548 38.709677
174.193548 58.064516
174.193548 77.419355
174.193548 96.774194
174.193548 116.129032
174.193548 135.483871
174.193548 154.838710
174.193548 174.193548
174.193548 193.548387
174.193548 212.903226
174.193548 232.258065
174.193548 251.612903
174.193548 270.967742
174.193548 290.322581
174.193548 309.677419
174.193548 329.032258
174.193548 348.387097
174.193548 367.741935
174.193548 387.096774
174.193548 406.451613
174.193548 425.806452
174.193548 445.161290
174.193548 464.516129
174.193548 483.870968
174.193548 503.225806
174.193548 522.580645
174.193548 541.935484
174.193548 561.290323
174.193548 580.645161
193.548387 19.354839
193.548387 38.709677
193.548387 58.064516
193.548387 77.419355
193.548387 96.774194
193.548387 116.129032
193.548387 135.483871
193.548387 154.838710
193.548387 174.193548
193.548387 193.548387
193.548387 212.903226
193.548387 232.258065
193.548387 251.612903
193.548387 270.967742
193.548387 290.322581
193.548387 309.677419
193.548387 329.032258
193.548387 348.387097
193.548387 367.741935
193.548387 387.096774
193.548387 406.451613
193.548387 425.806452
193.548387 445.161290
193.548387 464.516129
193.548387 483.870968
193.548387 503.225806
193.548387 522.580645
193.548387 541.935484
193.548387 561.290323
193.548387 580.645161
212.903226 19.354839
212.903226 38.709677
212.903226 58.064516
212.903226 77.419355
212.903226 96.774194
212.903226 116.129032
212.903226 135.483871
212.903226 154.838710
212.903226 174.193548
212.903226 193.548387
212.903226 212.903226
212.903226 232.258065
212.903226 251.612903
212.903226 270.967742
212.903226 290.322581
212.903226 309.677419
212.903226 329.032258
212.903226 348.387097
212.903226 367.741935
212.903226 387.096774
212.903226 406.451613
212.903226 425.806452
212.903226 445.161290
212.903226 464.516129
212.903226 483.870968
212.903226 503.225806
212.903226 522.580645
212.903226 541.935484
212.903226 561.290323
212.903226 580.645161
232.258065 19.354839
232.258065 38.709677
232.258065 58.064516
232.258065 77.419355
232.258065 96.774194
232.258065 116.129032
232.258065 135.483871
232.258065 154.838710
232.258065 174.193548
232.258065 193.548387
232.258065 212.903226
232.258065 232.258065
232.258065 251.612903
232.258065 270.967742
232.258065 290.322581
232.258065 309.677419
232.258065 329.032258
232.258065 348.387097
232.258065 367.741935
232.258065 387.096774
232.258065 406.451613
232.258065 425.806452
232.258065 445.161290
232.258065 464.516129
232.258065 483.870968
232.258065 503.225806
232.258065 522.580645
232.258065 541.935484
232.258065 561.290323
232.258065 580.645161
251.612903 19.354839
251.612903 38.709677
251.612903 58.064516
251.612903 77.419355
251.612903 96.774194
251.612903 116.129032
251.612903 135.483871
251.612903 154.838710
251.612903 174.193548
251.612903 193.548387
251.612903 212.903226
251.612903 232.258065
251.612903 251.612903
251.612903 270.967742
251.612903 290.322581
251.612903 309.677419
251.612903 329.032258
251.612903 348.387097
251.612903 367.741935
251.612903 387.096774
251.612903 406.451613
251.612903 425.806452
251.612903 445.161290
251.612903 464.516129
251.612903 483.870968
251.612903 503.225806
251.612903 522.580645
251.612903 541.935484
251.612903 561.290323
251.612903 580.645161
270.967742 19.354839
270.967742 38.709677
270.967742 58.064516
270.967742 77.419355
270.967742 96.774194
270.967742 116.129032
270.967742 135.483871
270.967742 154.838710
270.967742 174.193548
270.967742 193.548387
270.967742 212.903226
270.967742 232.258065
270.967742 251.612903
270.967742 270.967742
270.967742 290.322581
270.967742 309.677419
270.967742 329.032258
270.967742 348.387097
270.967742 367.741935
270.967742 387.096774
270.967742 406.451613
270.967742 425.806452
270.967742 445.161290
270.967742 464.516129
270.967742 483.870968
270.967742 503.225806
270.967742 522.580645
270.967742 541.935484
270.967742 561.290323
270.967742 580.645161
290.322581 19.354839
290.322581 38.709677
290.322581 58.064516
290.322581 77.419355
290.322581 96.774194
290.322581 116.129032
290.322581 135.483871
290.322581 154.838710
290.322581 174.193548
290.322581 193.548387
290.322581 212.903226
290.322581 232.258065
290.322581 251.612903
290.322581 270.967742
290.322581 290.322581
290.322581 309.677419
290.322581 329.032258
290.322581 348.387097
290.322581 367.741935
290.322581 387.096774
290.322581 406.451613
290.322581 425.806452
290.322581 445.161290
290.322581 464.516129
290.322581 483.870968
290.322581 503.225806
290.322581 522.580645
290.322581 541.935484
290.322581 561.290323
290.322581 580.645161
309.677419 19.354839
309.677419 38.709677
309.677419 58.064516
309.677419 77.419355
309.677419 96.774194
309.677419 116.129032
309.677419 135.483871
309.677419 154.838710
309.677419 174.193548
309.677419 193.548387
309.677419 212.903226
309.677419 232.258065
309.677419 251.612903
309.677419 270.967742
309.677419 290.322581
309.677419 309.677419
309.677419 329.032258
309.677419 348.387097
309.677419 367.741935
309.677419 387.096774
309.677419 406.451613
309.677419 425.806452
309.677419 445.161290
309.677419 464.516129
309.677419 483.870968
309.677419 503.225806
309.677419 522.580645
309.677419 541.935484
309.677419 561.290323
309.677419 580.645161
329.032258 19.354839
329.032258 38.709677
329.032258 58.064516
329.032258 77.419355
329.032258 96.774194
329.032258 116.129032
329.032258 135.483871
329.032258 154.838710
329.032258 174.193548
329.032258 193.548387
329.032258 212.903226
329.032258 232.258065
329.032258 251.612903
329.032258 270.967742
329.032258 290.322581
329.032258 309.677419
329.032258 329.032258
329.032258 348.387097
329.032258 367.741935
329.032258 387.096774
329.032258 406.451613
329.032258 425.806452
329.032258 445.161290
329.032258 464.516129
329.032258 483.870968
329.032258 503.225806
329.032258 522.580645
329.032258 541.935484
329.032258 561.290323
329.032258 580.645161
348.387097 19.354839
348.387097 38.709677
348.387097 58.064516
348.387097 77.419355
348.387097 96.774194
348.387097 116.129032
348.387097 135.483871
348.387097 154.838710
348.387097 174.193548
348.387097 193.548387
348.387097 212.903226
348.387097 232.258065
348.387097 251.612903
348.387097 270.967742
348.387097 290.322581
348.387097 309.677419
348.387097 329.032258
348.387097 348.387097
348.387097 367.741935
348.387097 387.096774
348.387097 406.451613
348.387097 425.806452
348.387097 445.161290
348.387097 464.516129
348.387097 483.870968
348.387097 503.225806
348.387097 522.580645
348.387097 541.935484
348.387097 561.290323
348.387097 580.645161
367.741935 19.354839
367.741935 38.709677
367.741935 58.064516
367.741935 77.419355
367.741935 96.774194
367.741935 116.129032
367.741935 135.483871
367.741935 154.838710
367.741935 174.193548
367.741935 193.548387
367.741935 212.903226
367.741935 232.258065
367.741935 251.612903
367.741935 270.967742
367.741935 290.322581
367.741935 309.677419
367.741935 329.032258
367.741935 348.387097
367.741935 367.741935
367.741935 387.096774
367.741935 406.451613
367.741935 425.806452
367.741935 445.161290
367.741935 464.516129
367.741935 483.870968
367.741935 503.225806
367.741935 522.580645
367.741935 541.935484
367.741935 561.290323
367.741935 580.645161
387.096774 19.354839
387.096774 38.709677
387.096774 58.064516
387.096774 77.419355
387.096774 96.774194
387.096774 116.129032
387.096774 135.483871
387.096774 154.838710
387.096774 174.193548
387.096774 193.548387
387.096774 212.903226
387.096774 232.258065
387.096774 251.612903
387.096774 270.967742
387.096774 290.322581
387.096774 309.677419
387.096774 329.032258
387.096774 348.387097
387.096774 367.741935
387.096774 387.096774
387.096774 406.451613
387.096774 425.806452
387.096774 445.161290
387.096774 464.516129
387.096774 483.870968
387.096774 503.225806
387.096774 522.580645
387.096774 541.935484
387.096774 561.290323
387.096774 580.645161
406.451613 19.354839
406.451613 38.709677
406.451613 58.064516
406.451613 77.419355
406.451613 96.774194
406.451613 116.129032
406.451613 135.483871
406.451613 154.838710
406.451613 174.193548
406.451613 193.548387
406.451613 212.903226
406.451613 232.258065
406.451613 251.612903
406.451613 270.967742
406.451613 290.322581
406.451613 309.677419
406.451613 329.032258
406.451613 348.387097
406.451613 367.741935
406.451613 387.096774
406.451613 406.451613
406.451613 425.806452
406.451613 445.161290
406.451613 464.516129
406.451613 483.870968
406.451613 503.225806
406.451613 522.580645
406.451613 541.935484
406.451613 561.290323
406.451613 580.645161
425.806452 19.354839
425.806452 38.709677
425.806452 58.064516
425.806452 77.419355
425.806452 96.774194
425.806452 116.129032
425.806452 135.483871
425.806452 154.838710
425.806452 174.193548
425.806452 193.548387
425.806452 212.903226
425.806452 232.258065
425.806452 251.612903
425.806452 270.967742
425.806452 290.322581
425.806452 309.677419
425.806452 329.032258
425.806452 348.387097
425.806452 367.741935
425.806452 387.096774
425.806452 406.451613
425.806452 425.806452
425.806452 445.161290
425.806452 464.516129
425.806452 483.870968
425.806452 503.225806
425.806452 522.580645
425.806452 541.935484
425.806452 561.290323
425.806452 580.645161
445.161290 19.354839
445.161290 38.709677
445.161290 58.064516
445.161290 77.419355
445.161290 96.774194
445.161290 116.129032
445.161290 135.483871
445.161290 154.838710
445.161290 174.193548
445.161290 193.548387
445.161290 212.903226
445.161290 232.258065
445.161290 251.612903
445.161290 270.967742
445.161290 290.322581
445.161290 309.677419
445.161290 329.032258
445.161290 348.387097
445.161290 367.741935
445.161290 387.096774
445.161290 406.451613
445.161290 425.806452
445.161290 445.161290
445.161290 464.516129
445.161290 483.870968
445.161290 503.225806
445.161290 522.580645
445.161290 541.935484
445.161290 561.290323
445.161290 580.645161
464.516129 19.354839
464.516129 38.709677
464.516129 58.064516
464.516129 77.419355
464.516129 96.774194
464.516129 116.129032
464.516129 135.483871
464.516129 154.838710
464.516129 174.193548
464.516129 193.548387
464.516129 212.903226
464.516129 232.258065
464.516129 251.612903
464.516129 270.967742
464.516129 290.322581
464.516129 309.677419
464.516129 329.032258
464.516129 348.387097
464.516129 367.741935
464.516129 387.096774
464.516129 406.451613
464.516129 425.806452
464.516129 445.161290
464.516129 464.516129
464.516129 483.870968
464.516129 503.225806
464.516129 522.580645
464.516129 541.935484
464.516129 561.290323
464.516129 580.645161
483.870968 19.354839
483.870968 38.709677
483.870968 58.064516
483.870968 77.419355
483.870968 96.774194
483.870968 116.129032
483.870968 135.483871
483.870968 154.838710
483.870968 174.193548
483.870968 193.548387
483.870968 212.903226
483.870968 232.258065
483.870968 251.612903
483.870968 270.967742
483.870968 290.322581
483.870968 309.677419
483.870968 329.032258
483.870968 348.387097
483.870968 367.741935
483.870968 387.096774
483.870968 406.451613
483.870968 425.806452
483.870968 445.161290
483.870968 464.516129
483.870968 483.870968
483.870968 503.225806
483.870968 522.580645
483.870968 541.935484
483.870968 561.290323
483.870968 580.645161
503.225806 19.354839
503.225806 38.709677
503.225806 58.064516
503.225806 77.419355
503.225806 96.774194
503.225806 116.129032
503.225806 135.483871
503.225806 154.838710
503.225806 174.193548
503.225806 193.548387
503.225806 212.903226
503.225806 232.258065
503.225806 251.612903
503.225806 270.967742
503.225806 290.322581
503.225806 309.677419
503.225806 329.032258
503.225806 348.387097
503.225806 367.741935
503.225806 387.096774
503.225806 406.451613
503.225806 425.806452
503.225806 445.161290
503.225806 464.516129
503.225806 483.870968
503.225806 503.225806
503.225806 522.580645
503.225806 541.935484
503.225806 561.290323
503.225806 580.645161
522.580645 19.354839
522.580645 38.709677
522.580645 58.064516
522.580645 77.419355
522.580645 96.774194
522.580645 116.129032
522.580645 135.483871
522.580645 154.838710
522.580645 174.193548
522.580645 193.548387
522.580645 212.903226
522.580645 232.258065
522.580645 251.612903
522.580645 270.967742
522.580645 290.322581
522.580645 309.677419
522.580645 329.032258
522.580645 348.387097
522.580645 367.741935
522.580645 387.096774
522.580645 406.451613
522.580645 425.806452
522.580645 445.161290
522.580645 464.516129
522.580645 483.870968
522.580645 503.225806
522.580645 522.580645
522.580645 541.935484
522.580645 561.290323
522.580645 580.645161
541.935484 19.354839
541.935484 38.709677
541.935484 58.064516
541.935484 77.419355
541.935484 96.774194
541.935484 116.129032
541.935484 135.483871
541.935484 154.838710
541.935484 174.193548
541.935484 193.548387
541.935484 212.903226
541.935484 232.258065
541.935484 251.612903
541.935484 270.967742
541.935484 290.322581
541.935484 309.677419
541.935484 329.032258
541.935484 348.387097
541.935484 367.741935
541.935484 387.096774
541.935484 406.451613
541.935484 425.806452
541.935484 445.161290
541.935484 464.516129
541.935484 483.870968
541.935484 503.225806
541.935484 522.580645
541.935484 541.935484
541.935484 561.290323
541.935484 580.645161
561.290323 19.354839
561.290323 38.709677
561.290323 58.064516
561.290323 77.419355
561.290323 96.774194
561.290323 116.129032
561.290323 135.483871
561.290323 154.838710
561.290323 174.193548
561.290323 193.548387
561.290323 212.903226
561.290323 232.258065
561.290323 251.612903
561.290323 270.967742
561.290323 290.322581
561.290323 309.677419
561.290323 329.032258
561.290323 348.387097
561.290323 367.741935
561.290323 387.096774
561.290323 406.451613
561.290323 425.806452
561.290323 445.161290
561.290323 464.516129
561.290323 483.870968
561.290323 503.225806
561.290323 522.580645
561.290323 541.935484
561.290323 561.290323
561.290323 580.645161
580.645161 19.354839
580.645161 38.709677
580.645161 58.064516
580.645161 77.419355
580.645161 96.774194
580.645161 116.129032
580.645161 135.483871
580.645161 154.838710
580.645161 174.193548
580.645161 193.548387
580.645161 212.903226
580.645161 232.258065
580.645161 251.612903
580.645161 270.967742
580.645161 290.322581
580.645161 309.677419
580.645161 329.032258
580.645161 348.387097
580.645161 367.741935
580.645161 387.096774
580.645161 406.451613
580.645161 425.806452
580.645161 445.161290
580.645161 464.516129
580.645161 483.870968
580.645161 503.225806
580.645161 522.580645
580.645161 541.935484
580.645161 561.290323
580.645161 580.645161
