500.000000 300.000000
498.422940 325.066647
493.716632 349.737977
485.955297 373.624911
475.261336 396.350735
461.803399 417.557050
445.793725 436.909421
427.484798 454.102649
407.165359 468.865585
385.155858 480.965410
361.803399 490.211303
337.476263 496.457450
312.558104 499.605346
287.441896 499.605346
262.523737 496.457450
238.196601 490.211303
214.844142 480.965410
192.834641 468.865585
172.515202 454.102649
154.206275 436.909421
138.196601 417.557050
124.738664 396.350735
114.044703 373.624911
106.283368 349.737977
101.577060 325.066647
100.000000 300.000000
101.577060 274.933353
106.283368 250.262023
114.044703 226.375089
124.738664 203.649265
138.196601 182.442950
154.206275 163.090579
172.515202 145.897351
192.834641 131.134415
214.844142 119.034590
238.196601 109.788697
262.523737 103.542550
287.441896 100.394654
312.558104 100.394654
337.476263 103.542550
361.803399 109.788697
385.155858 119.034590
407.165359 131.134415
427.484798 145.897351
445.793725 163.090579
461.803399 182.442950
475.261336 203.649265
485.955297 226.375089
493.716632 250.262023
498.422940 274.933353
