340.000000 300.000000
338.774693 311.265090
334.414363 321.840019
327.209415 330.863023
317.684049 337.580518
306.558642 341.409636
294.695652 341.988239
283.033106 339.208178
272.510757 333.228787
263.994695 324.469180
258.206447 313.579549
255.662325 301.393368
256.628097 288.863988
261.092899 276.990404
268.764857 266.737951
279.089172 258.960190
291.287655 254.328291
304.416935 253.273704
317.441030 255.948985
329.312730 262.210256
339.057424 271.623120
345.852692 283.492015
349.097200 296.911066
348.463148 310.832797
343.927781 324.149502
335.780998 335.780998
324.608026 344.761833
311.248065 350.320948
296.731756 351.947244
282.202113 349.435534
268.824917 342.908821
257.695601 332.814656
249.749998 319.895383
245.686208 305.134165
245.904065 289.680648
250.467379 274.761869
259.092442 261.585246
271.164191 251.241310
285.779285 244.613971
301.813118 242.305653
318.005877 244.583609
333.061074 251.352107
345.748896 262.153222
355.006168 276.196706
360.024837 292.417100
360.321666 309.554013
355.783181 326.249573
346.681798 341.155541
333.661288 353.041702
317.692164 360.896828
300.000000 364.013989
281.971917 362.053069
265.048331 355.075017
250.608370 343.544580
239.858028 328.300664
233.730101 310.496121
232.804132 291.511188
237.253203 272.847036
246.822320 256.007597
260.840754 242.378920
278.267973 233.115698
297.770125 229.044213
317.821514 230.589786
336.823400 237.735031
353.230912 250.012847
365.678050 266.535362
373.090708 286.057202
374.778415 307.068641
370.497029 327.911749
360.476807 346.910620
345.412932 362.505538
326.418550 373.380344
304.943375 378.572690
282.663736 377.557987
261.352351 370.299813
242.737890 357.262110
228.365412 339.381448
219.468884 318.000837
216.866242 294.769667
220.885857 271.517156
231.330880 250.108964
247.485075 232.298166
268.160428 219.582422
291.783540 213.078938
316.514571 213.427585
340.389836 220.730483
361.477042 234.533600
378.030956 253.852621
388.637018 277.241882
392.331133 302.901623
388.685607 328.815700
377.853642 352.909281
360.568081 373.214233
338.093596 388.029106
312.135293 396.060732
284.710237 396.535763
257.991503 389.272599
234.136741 374.707203
215.114726 353.869833
202.543778 328.313650
197.555229 300.000000
200.693387 271.148762
211.860710 244.065106
230.313443 220.956117
254.709040 203.751811
283.202536 193.944984
313.585068 192.463111
343.454238 199.583180
370.403230 214.897114
392.213881 237.331511
407.038275 265.221156
413.554075 296.431419
411.080618 328.520655
399.645727 358.930319
379.996928 385.188076
353.555124 405.107850
322.313354 416.970696
288.687702 419.671617
255.331441 412.819903
224.926601 396.784043
199.969278 372.676573
182.565785 342.278919
174.256216 307.911128
175.880097 272.255915
187.495713 238.150245
208.360597 208.360597
236.975910 185.359606
271.192365 171.122049
308.370362 166.956913
345.582512 173.389702
379.843106 190.105392
408.346612 215.957753
428.696250 249.045550
439.104099 286.850791
438.546142 326.429090
426.858950 364.637864
404.769136 398.384768
373.851946 424.876821
336.420948 441.850228
295.356389 447.762105
253.884801 441.927987
215.326647 424.593056
182.831621 396.930113
159.122643 360.963076
146.269232 319.420712
145.509017 275.531032
157.132619 232.771714
180.442347 194.595751
213.789427 164.153874
254.688258 144.035961
300.000000 136.052538
346.172071 141.074689
389.515393 158.946311
426.497857 188.477137
454.030763 227.518625
469.725117 273.118182
472.096633 321.740861
460.702032 369.541979
436.194381 412.669791
400.291499 447.574460
355.658314 471.298676
305.710977 481.726234
254.356977 477.767838
205.690880 459.468013
163.669286 428.023062
131.790680 385.706929
112.805978 335.709169
108.483559 281.896366
119.448699 228.514683
145.111683 179.856306
183.692065 139.915861
232.338943 112.064186
287.339428 98.765968
344.400240 101.364745
398.981239 119.953794
446.655094 153.344906
483.464724 199.139415
506.249794 253.897709
512.915470 313.395506
502.620758 372.947961
475.869806 427.776894
434.496988 473.392472
381.544941 505.959010
321.043333 522.615209
257.704213 521.722282
196.556812 503.018687
142.549963 467.667260
100.153413 418.188942
72.990026 358.286255
63.528954 292.568598
72.865583 226.199554
100.607536 164.493021
144.877919 112.489615
202.437757 74.546959
268.920068 53.977006
339.158906 52.760396
407.588771 71.362224
468.683663 108.665942
517.401311 162.032933
549.597009 227.485365
