350.000000 300.000000
345.908059 321.602693
332.817471 339.669508
312.992364 350.601918
290.066331 352.074118
268.380467 343.520554
252.164949 326.297542
244.717758 303.478064
247.739281 279.308517
260.956071 258.422438
282.115126 244.956017
307.360768 241.733522
331.932628 249.682230
351.059286 267.596792
360.880586 292.308993
359.221120 319.242108
346.060907 343.254070
323.603249 359.615001
295.914696 364.934055
268.194023 357.854857
245.800572 339.378189
233.222691 312.738453
233.183969 282.844559
246.064188 255.380416
269.756295 235.728854
300.000000 227.921819
331.141656 233.820612
357.186120 252.691527
372.945884 281.270680
375.068154 314.320016
362.737647 345.581568
337.909580 368.957269
305.013850 379.692868
270.171912 375.337152
240.063300 356.284308
220.650596 325.782184
216.005165 289.388985
227.463733 253.967085
253.288714 226.394790
288.912925 212.236762
327.738723 214.628988
362.353494 233.600273
385.938817 265.974415
393.606571 305.889226
383.401457 345.850339
356.766165 378.131923
318.363290 396.263739
275.269340 396.319559
235.678031 377.751904
207.349055 343.598225
196.094717 300.000000
204.598202 255.107321
231.801827 217.562570
273.000494 194.843868
320.643214 191.784481
365.708731 209.559691
399.406291 245.350929
414.882339 292.772216
408.603297 342.999087
381.137410 386.402566
337.166659 414.387214
284.703546 421.083898
233.640625 404.565643
193.893408 367.337291
173.483709 315.982724
176.932255 260.012866
204.280569 210.113471
250.949955 176.113729
308.489694 165.060173
366.096181 179.771494
412.632137 218.167962
438.770304 273.528149
438.850773 335.650819
412.084316 392.724210
362.849616 433.562232
300.000000 449.786076
235.284348 437.527761
181.161200 398.312005
148.410746 338.921505
144.000444 270.241493
169.624541 205.276684
221.219888 156.699508
289.580689 134.389799
361.985920 143.441438
424.554796 183.035261
464.896446 246.421897
474.550142 322.050811
450.738027 395.661261
397.070989 452.959403
323.040114 482.381282
242.356002 477.409984
170.422850 437.985650
121.410058 370.708760
105.475655 287.761566
126.682960 204.718151
182.033911 137.633608
261.839142 99.953778
351.392924 99.837778
433.667848 138.423328
492.538454 209.398281
