500.000000 300.000000
500.022932 312.584376
499.254035 325.171638
497.693035 337.711963
495.342795 350.155505
492.209315 362.452592
488.301719 374.553925
483.632237 386.410772
478.216164 397.975165
472.071817 409.200096
465.220472 420.039699
457.686293 430.449446
449.496249 440.386322
440.680019 449.809004
431.269885 458.678033
421.300616 466.955975
410.809341 474.607582
399.835409 481.599935
388.420247 487.902589
376.607201 493.487703
364.441375 498.330158
351.969457 502.407671
339.239544 505.700895
326.300956 508.193508
313.204045 509.872285
300.000000 510.727173
286.740650 510.751335
273.478259 509.941197
260.265323 508.296471
247.154361 505.820175
234.197709 502.518627
221.447311 498.401444
208.954512 493.481511
196.769852 487.774942
184.942863 481.301038
173.521868 474.082215
162.553785 466.143933
152.083936 457.514609
142.155861 448.225513
132.811134 438.310659
124.089197 427.806680
116.027190 416.752696
108.659796 405.190167
102.019093 393.162743
96.134417 380.716094
91.032233 367.897743
86.736019 354.756884
83.266159 341.344191
80.639854 327.711631
78.871034 313.912255
77.970293 300.000000
77.944835 286.029473
78.798426 272.055743
80.531367 258.134119
83.140483 244.319940
86.619111 230.668346
90.957123 217.234070
96.140941 204.071209
102.153587 191.233014
108.974724 178.771674
116.580736 166.738104
124.944793 155.181739
134.036959 144.150331
143.824283 133.689754
154.270930 123.843814
165.338299 114.654069
176.985173 106.159649
189.167867 98.397099
201.840393 91.400216
214.954628 85.199911
228.460503 79.824066
242.306184 75.297421
256.438277 71.641453
270.802032 68.874283
285.341549 67.010591
300.000000 66.061538
314.719848 66.034714
329.443072 66.934088
344.111393 68.759978
358.666509 71.509035
373.050317 75.174243
387.205152 79.744927
401.074015 85.206785
414.600797 91.541923
427.730512 98.728919
440.409513 106.742885
452.585714 115.555556
464.208801 125.135388
475.230440 135.447664
485.604475 146.454625
495.287120 158.115602
504.237146 170.387166
512.416047 183.223290
519.788213 196.575517
526.321078 210.393146
531.985260 224.623420
536.754696 239.211726
540.606755 254.101807
543.522344 269.235974
545.485998 284.555330
