336.400000 301.200000
330.278803 322.326986
312.541682 336.106109
289.618797 336.843278
270.239699 323.693976
262.122772 301.200000
268.918210 277.745907
288.609049 262.449035
314.056856 261.630666
335.570533 276.228346
344.581527 301.200000
337.037582 327.237527
315.177827 344.219326
286.926980 345.127838
263.043603 328.922246
253.040062 301.200000
261.414960 272.294476
285.682535 253.442158
317.045172 252.433577
343.559268 270.424191
354.664686 301.200000
345.367303 333.289423
318.426690 354.218298
283.609506 355.337975
254.174921 335.365721
241.846257 301.200000
252.167733 265.575972
282.075816 242.341814
320.728061 241.098807
353.404823 263.270977
367.091470 301.200000
355.633100 340.747962
322.430684 366.541329
279.520951 367.921250
243.244892 343.306851
228.050680 301.200000
240.771174 257.295889
277.630786 228.661420
325.266964 227.129501
365.538778 254.455141
382.406609 301.200000
368.284972 349.940086
327.365327 381.728599
274.482095 383.429256
229.774401 353.093735
211.048601 301.200000
226.725717 247.091266
272.152599 211.801295
330.860842 209.913312
380.493025 243.590246
401.281443 301.200000
383.877516 361.268732
333.446929 400.445842
268.272059 402.541783
213.172964 365.155384
190.094732 301.200000
209.415677 234.514786
265.401119 191.022374
337.754906 188.695570
398.923083 230.200023
424.543350 301.200000
403.094231 375.230493
340.942074 423.513529
260.618626 426.096629
192.712863 380.020520
164.270561 301.200000
188.082268 219.015157
257.080393 165.413815
346.251354 162.546190
421.636837 213.697515
453.212015 301.200000
426.777484 392.437384
350.179316 451.942834
251.186306 455.126324
167.497221 398.340755
132.444084 301.200000
161.790340 199.912953
246.825684 133.853064
356.722630 130.318918
449.629943 193.359334
488.544132 301.200000
455.965430 413.643667
361.563567 486.979957
239.561634 490.903383
136.420716 420.919158
93.220186 301.200000
129.387385 176.370829
234.187474 94.956655
369.627742 90.601069
484.129481 168.293954
532.088484 301.200000
491.937522 439.778921
375.593857 530.160749
225.235044 534.996096
98.121106 448.745453
44.879487 301.200000
89.453021 147.356814
218.611769 47.019561
385.532386 41.651608
526.647737 137.402632
