320.000000 300.000000
319.925403 302.517164
319.534279 305.015551
318.830172 307.455392
317.821616 309.797517
316.522047 312.003970
314.949625 314.038632
313.126989 315.867803
311.080934 317.460758
308.842025 318.790259
306.444137 319.833016
303.923954 320.570090
301.320404 320.987229
298.674065 321.075134
296.026532 320.829647
293.419771 320.251863
290.895451 319.348151
288.494286 318.130104
286.255379 316.614393
284.215586 314.822551
282.408920 312.780668
280.865980 310.519017
279.613442 308.071609
278.673602 305.475688
278.063985 302.771163
277.797029 300.000000
277.879843 297.205574
278.314048 294.431994
279.095712 291.723407
280.215359 289.123301
281.658074 286.673810
283.403696 284.415033
285.427093 282.384381
287.698517 280.615965
290.184039 279.140022
292.846050 277.982407
295.643828 277.164145
298.534155 276.701059
301.471985 276.603471
304.411139 276.875998
307.305032 277.517424
310.107401 278.520678
312.773051 279.872892
315.258571 281.555556
317.523044 283.544766
319.528712 285.811560
321.241605 288.322329
322.632108 291.039315
323.675470 293.921173
324.352234 296.923597
324.648595 300.000000
324.556660 303.102228
324.074628 306.181314
323.206864 309.188248
321.963891 312.074751
320.362263 314.794050
318.424363 317.301628
316.178091 319.555953
313.656473 321.519158
310.897174 323.157674
307.941947 324.442799
304.835998 325.351191
301.627306 325.865285
298.365878 325.973622
295.102980 325.671077
291.890330 324.958998
288.779283 323.845237
285.820016 322.344080
283.060719 320.476073
280.546818 318.267753
278.320229 315.751276
276.418664 312.963949
274.874999 309.947692
273.716712 306.748401
272.965403 303.415264
272.636398 300.000000
272.738460 296.556067
273.273588 293.137824
274.236934 289.799680
275.616819 286.595233
277.394864 283.576407
279.546221 280.792623
282.039916 278.289987
284.839287 276.110538
287.902518 274.291542
291.183259 272.864863
294.631324 271.856413
298.193449 271.285692
301.814118 271.165422
305.436419 271.501291
309.002938 272.291804
312.456662 273.528245
315.741889 275.194753
318.805118 277.268518
321.595921 279.720080
324.067766 282.513744
326.178786 285.608091
327.892483 288.956585
329.178353 292.508272
330.012419 296.208550
330.377663 300.000000
330.264359 303.823278
329.670288 307.618035
328.600830 311.323870
327.068953 314.881283
325.095059 318.232627
322.706733 321.323042
319.938361 324.101339
316.830644 326.520851
313.430002 328.540207
309.787892 330.124033
305.960028 331.243562
302.005540 331.877147
297.986060 332.010665
293.964767 331.637800
290.005401 330.760213
286.171254 329.387580
282.524166 327.537509
279.123526 325.235322
276.025320 322.513723
273.281205 319.412341
270.937659 315.977157
269.035201 312.259831
267.607694 308.316931
266.681758 304.209073
266.276282 300.000000
266.402066 295.755594
267.061574 291.542850
268.248830 287.428823
269.949442 283.479566
272.140757 279.759075
274.792154 276.328257
277.865457 273.243934
281.315485 270.557916
285.090703 268.316131
289.133986 266.557849
293.383483 265.315006
297.773553 264.611632
302.235773 264.463408
306.700005 264.877343
311.095489 265.851595
315.351962 267.375421
319.400772 269.429275
323.175987 271.985045
326.615456 275.006423
329.661831 278.449418
332.263515 282.262983
334.375527 286.389766
335.960271 290.766972
336.988198 295.327304
337.438336 300.000000
337.298697 304.711921
336.566546 309.388693
335.248515 313.955874
333.360583 318.340136
330.927897 322.470433
327.984454 326.279151
324.572630 329.703207
320.742586 332.685086
316.551534 335.173801
312.062889 337.125755
307.345316 338.505496
302.471687 339.286345
297.517960 339.450896
292.561999 338.991366
287.682359 337.909802
282.957042 336.218129
278.462261 333.938045
274.271212 331.100762
270.452891 327.746582
267.070962 323.924347
264.182706 319.690724
261.838060 315.109381
260.078758 310.250033
258.937606 305.187387
258.437887 300.000000
258.592906 294.769068
259.405703 289.577156
260.868913 284.506907
262.964798 279.639725
265.665440 275.054482
268.933100 270.826239
272.720731 267.025028
276.972648 263.714700
281.625338 260.951856
286.608401 258.784898
291.845608 257.253180
297.256060 256.386322
302.755433 256.203646
308.257286 256.713792
313.674411 257.914489
318.920214 259.792498
323.910089 262.323729
328.562776 265.473535
332.801680 269.197172
336.556124 273.440421
339.762516 278.140372
342.365422 283.226343
344.318509 288.620941
345.585356 294.241230
346.140119 300.000000
345.968025 305.807112
345.065699 311.570905
343.441319 317.199635
341.114575 322.602929
338.116461 327.693230
334.488874 332.387208
330.284041 336.607117
325.563781 340.282073
320.398604 343.349239
314.866663 345.754885
309.052586 347.455319
303.046181 348.417661
296.941060 348.620459
290.833186 348.054120
284.819372 346.721168
278.995752 344.636300
273.456250 341.826257
268.291076 338.329504
263.585263 334.195714
259.417273 329.485077
255.857701 324.267434
252.968089 318.621251
250.799872 312.632446
249.393484 306.393090
248.777614 300.000000
248.968665 293.553243
249.970380 287.154577
251.773684 280.905851
254.356715 274.907391
257.685066 269.256401
261.712228 264.045388
266.380217 259.360663
271.620406 255.280916
277.354520 251.875906
283.495795 249.205281
289.950285 247.317547
296.618287 246.249204
303.395878 246.024069
310.176525 246.652789
316.852752 248.132564
323.317835 250.447077
329.467505 253.566642
335.201615 257.448557
340.425767 262.037678
345.052855 267.267185
349.004509 273.059543
352.212407 279.327645
354.619449 285.976109
356.180750 292.902721
356.864456 300.000000
356.652362 307.156858
355.540309 314.260328
353.538374 321.197342
350.670826 327.856523
346.975861 334.129961
342.505114 339.914959
337.322953 345.115700
331.505565 349.644826
325.139846 353.424893
318.322119 356.389683
311.156677 358.485348
303.754204 359.671367
296.230071 359.921300
288.702546 359.223328
281.290943 357.580558
274.113739 355.011104
267.286692 351.547925
260.920979 347.238422
255.121394 342.143816
249.984639 336.338287
245.597717 329.907908
242.036472 322.949384
239.364298 315.568602
237.631023 307.879034
236.872007 300.000000
237.107464 292.054825
238.342007 284.168918
240.564452 276.467802
243.747856 269.075122
247.849816 262.110674
252.813010 255.688466
258.565978 249.914872
265.024144 244.886869
272.091037 240.690434
279.659727 237.399076
287.614432 235.072577
295.832276 233.755920
304.185181 233.478456
312.541852 234.253309
320.769833 236.077028
328.737594 238.929503
336.316631 242.774147
343.383518 247.558335
349.821918 253.214104
355.524479 259.659104
360.394615 266.797779
364.348125 274.522775
367.314635 282.716539
369.238828 291.253102
370.081448 300.000000
369.820057 308.820324
368.449530 317.574852
365.982286 326.124235
362.448235 334.331208
357.894450 342.062780
352.384568 349.192384
345.997918 355.601932
338.828396 361.183761
330.983095 365.842428
322.580724 369.496324
313.749821 372.079084
304.626793 373.540769
295.353828 373.848794
286.076681 372.988592
276.942401 370.963994
268.097002 367.797323
259.683146 363.529197
251.837851 358.218037
244.690270 351.939293
238.359581 344.784386
232.953007 336.859396
228.564023 328.283504
225.270756 319.187209
223.134616 309.710356
222.199183 300.000000
222.489366 290.208130
224.010855 280.489304
226.749862 270.998219
230.673184 261.887260
235.728561 253.304066
241.845348 245.389147
248.935478 238.273597
256.894714 232.076937
265.604163 226.905125
274.932042 222.848758
284.735657 219.981511
294.863573 218.358824
305.157941 218.016869
315.456952 218.971821
325.597360 221.219426
335.417067 224.734902
344.757697 229.473156
353.467139 235.369331
361.402015 242.339670
368.430021 250.282679
374.432121 259.080595
379.304545 268.601110
382.960560 278.699349
385.331993 289.220062
386.370463 300.000000
386.048316 310.870430
384.359238 321.659771
381.318533 332.196285
376.963063 342.310802
371.350843 351.839422
364.560301 360.626158
356.689204 368.525476
347.853270 375.404689
338.184488 381.146168
327.829157 385.649338
316.945688 388.832408
305.702197 390.633832
294.273919 391.013452
282.840488 389.953314
271.583128 387.458138
260.681795 383.555438
250.312309 378.295273
240.643534 371.749642
231.834643 364.011531
224.032512 355.193611
217.369290 345.426617
211.960176 334.857432
207.901456 323.646887
205.268813 311.967332
204.115957 300.000000
204.473588 287.932208
206.348715 275.954437
209.724349 264.257341
214.559568 253.028725
220.789966 242.450542
228.328476 232.695959
237.066564 223.926543
246.875762 216.289596
257.609546 209.915700
269.105502 204.916513
281.187769 201.382833
293.669714 199.382984
306.356800 198.961550
319.049607 200.138461
331.546948 202.908476
343.649047 207.241053
355.160717 213.080618
365.894494 220.347240
375.673671 228.937693
384.335195 238.726894
391.732362 249.569707
397.737281 261.303073
402.243064 273.748443
405.165688 286.714484
406.445530 300.000000
406.048506 313.397042
403.966836 326.694147
400.219381 339.679660
394.851570 352.145092
387.934903 363.888447
379.566037 374.717482
369.865462 384.452836
358.975795 392.930983
347.059700 400.006953
334.297481 405.556793
320.884370 409.479704
307.027558 411.699833
292.943007 412.167687
278.852106 410.861141
264.978201 407.786013
251.543074 402.976209
238.763410 396.493425
226.847324 388.426395
215.990985 378.889716
206.375407 368.022249
198.163453 355.985115
191.497100 342.959337
186.495013 329.143127
183.250465 314.748896
181.829651 300.000000
182.270406 285.127294
184.581369 270.365532
188.741601 255.949684
194.700669 242.111203
202.379196 229.074334
211.669881 217.052497
222.438960 206.244808
234.528108 196.832806
247.756743 188.977428
261.924702 182.816281
276.815247 178.461267
292.198367 175.996595
307.834310 175.477206
323.477303 176.927667
338.879398 180.341516
353.794385 185.681112
367.981710 192.877966
381.210336 201.833567
393.262485 212.420697
403.937205 224.485201
413.053693 237.848206
420.454335 252.308755
426.007395 267.646800
429.609325 283.626535
431.186639 300.000000
430.697336 316.510913
428.131824 332.898661
423.513348 348.902394
416.897898 364.265163
408.373592 378.738024
398.059552 392.084049
386.104275 404.082189
372.683525 414.530909
357.997775 423.251546
342.269237 430.091334
325.738520 434.926046
308.660971 437.662199
291.302752 438.238797
273.936706 436.628570
256.838093 432.838690
240.280242 426.910946
224.530204 418.921369
209.844465 408.979321
196.464789 397.226035
184.614265 383.832644
174.493608 368.997723
166.277797 352.944366
160.113075 335.916858
156.114398 318.176979
154.363345 300.000000
154.906544 281.670434
157.754644 263.477600
162.881837 245.711079
170.225970 228.656123
179.689216 212.589099
191.139332 197.773028
204.411465 184.453310
219.310491 172.853679
235.613855 163.172477
253.074869 155.579296
271.426420 150.212048
290.385035 147.174512
309.655237 146.534403
328.934127 148.321993
347.916128 152.529323
366.297802 159.110000
383.782683 167.979617
400.086035 179.016767
414.939462 192.064660
428.095305 206.933313
439.330737 223.402279
448.451508 241.223890
455.295264 260.126953
459.734390 279.820854
